station_name,gchn_daily_id,latitude,longitude,elevation(m),month,day,temp_min,temp_max,precipitation_mtd
NM RUIDOSO,USC00297649,33.3678,-105.6611,2112.,1,1,213R,481R,4R
NM RUIDOSO,USC00297649,33.3678,-105.6611,2112.,1,2,213R,482R,7R
NM RUIDOSO,USC00297649,33.3678,-105.6611,2112.,1,3,213R,482R,11R
NM RUIDOSO,USC00297649,33.3678,-105.6611,2112.,1,4,213R,482R,15R
NM RUIDOSO,USC00297649,33.3678,-105.6611,2112.,1,5,214R,482R,19R
NM RUIDOSO,USC00297649,33.3678,-105.6611,2112.,1,6,214R,483R,22R
NM RUIDOSO,USC00297649,33.3678,-105.6611,2112.,1,7,215R,483R,26R
NM RUIDOSO,USC00297649,33.3678,-105.6611,2112.,1,8,215R,483R,30R
NM RUIDOSO,USC00297649,33.3678,-105.6611,2112.,1,9,215R,484R,33R
NM RUIDOSO,USC00297649,33.3678,-105.6611,2112.,1,10,216R,484R,37R
NM RUIDOSO,USC00297649,33.3678,-105.6611,2112.,1,11,216R,485R,40R
NM RUIDOSO,USC00297649,33.3678,-105.6611,2112.,1,12,217R,485R,43R
NM RUIDOSO,USC00297649,33.3678,-105.6611,2112.,1,13,217R,486R,47R
NM RUIDOSO,USC00297649,33.3678,-105.6611,2112.,1,14,218R,486R,50R
NM RUIDOSO,USC00297649,33.3678,-105.6611,2112.,1,15,219R,487R,54R
NM RUIDOSO,USC00297649,33.3678,-105.6611,2112.,1,16,219R,487R,57R
NM RUIDOSO,USC00297649,33.3678,-105.6611,2112.,1,17,220R,488R,60R
NM RUIDOSO,USC00297649,33.3678,-105.6611,2112.,1,18,220R,488R,64R
NM RUIDOSO,USC00297649,33.3678,-105.6611,2112.,1,19,221R,489R,67R
NM RUIDOSO,USC00297649,33.3678,-105.6611,2112.,1,20,222R,490R,70R
NM RUIDOSO,USC00297649,33.3678,-105.6611,2112.,1,21,223R,490R,74R
NM RUIDOSO,USC00297649,33.3678,-105.6611,2112.,1,22,223R,491R,77R
NM RUIDOSO,USC00297649,33.3678,-105.6611,2112.,1,23,224R,492R,81R
NM RUIDOSO,USC00297649,33.3678,-105.6611,2112.,1,24,225R,492R,85R
NM RUIDOSO,USC00297649,33.3678,-105.6611,2112.,1,25,225R,493R,89R
NM RUIDOSO,USC00297649,33.3678,-105.6611,2112.,1,26,226R,494R,93R
NM RUIDOSO,USC00297649,33.3678,-105.6611,2112.,1,27,227R,494R,97R
NM RUIDOSO,USC00297649,33.3678,-105.6611,2112.,1,28,228R,495R,101R
NM RUIDOSO,USC00297649,33.3678,-105.6611,2112.,1,29,229R,496R,105R
NM RUIDOSO,USC00297649,33.3678,-105.6611,2112.,1,30,229R,497R,110R
NM RUIDOSO,USC00297649,33.3678,-105.6611,2112.,1,31,230R,498R,114R
NM RUIDOSO,USC00297649,33.3678,-105.6611,2112.,2,1,231R,499R,5R
NM RUIDOSO,USC00297649,33.3678,-105.6611,2112.,2,2,232R,500R,10R
NM RUIDOSO,USC00297649,33.3678,-105.6611,2112.,2,3,233R,501R,15R
NM RUIDOSO,USC00297649,33.3678,-105.6611,2112.,2,4,234R,502R,19R
NM RUIDOSO,USC00297649,33.3678,-105.6611,2112.,2,5,234R,503R,24R
NM RUIDOSO,USC00297649,33.3678,-105.6611,2112.,2,6,235R,504R,28R
NM RUIDOSO,USC00297649,33.3678,-105.6611,2112.,2,7,236R,505R,33R
NM RUIDOSO,USC00297649,33.3678,-105.6611,2112.,2,8,237R,506R,37R
NM RUIDOSO,USC00297649,33.3678,-105.6611,2112.,2,9,238R,507R,41R
NM RUIDOSO,USC00297649,33.3678,-105.6611,2112.,2,10,239R,509R,46R
NM RUIDOSO,USC00297649,33.3678,-105.6611,2112.,2,11,240R,510R,50R
NM RUIDOSO,USC00297649,33.3678,-105.6611,2112.,2,12,241R,511R,54R
NM RUIDOSO,USC00297649,33.3678,-105.6611,2112.,2,13,241R,513R,58R
NM RUIDOSO,USC00297649,33.3678,-105.6611,2112.,2,14,242R,514R,62R
NM RUIDOSO,USC00297649,33.3678,-105.6611,2112.,2,15,243R,515R,66R
NM RUIDOSO,USC00297649,33.3678,-105.6611,2112.,2,16,244R,517R,70R
NM RUIDOSO,USC00297649,33.3678,-105.6611,2112.,2,17,245R,518R,73R
NM RUIDOSO,USC00297649,33.3678,-105.6611,2112.,2,18,246R,520R,77R
NM RUIDOSO,USC00297649,33.3678,-105.6611,2112.,2,19,247R,522R,80R
NM RUIDOSO,USC00297649,33.3678,-105.6611,2112.,2,20,248R,523R,84R
NM RUIDOSO,USC00297649,33.3678,-105.6611,2112.,2,21,249R,525R,87R
NM RUIDOSO,USC00297649,33.3678,-105.6611,2112.,2,22,250R,527R,90R
NM RUIDOSO,USC00297649,33.3678,-105.6611,2112.,2,23,251R,528R,93R
NM RUIDOSO,USC00297649,33.3678,-105.6611,2112.,2,24,252R,530R,96R
NM RUIDOSO,USC00297649,33.3678,-105.6611,2112.,2,25,253R,532R,99R
NM RUIDOSO,USC00297649,33.3678,-105.6611,2112.,2,26,254R,534R,102R
NM RUIDOSO,USC00297649,33.3678,-105.6611,2112.,2,27,255R,536R,104R
NM RUIDOSO,USC00297649,33.3678,-105.6611,2112.,2,28,256R,538R,107R
NM RUIDOSO,USC00297649,33.3678,-105.6611,2112.,2,29,256R,539R,-9999
NM RUIDOSO,USC00297649,33.3678,-105.6611,2112.,2,30,-8888,-8888,-8888
NM RUIDOSO,USC00297649,33.3678,-105.6611,2112.,2,31,-8888,-8888,-8888
NM RUIDOSO,USC00297649,33.3678,-105.6611,2112.,3,1,257R,540R,2R
NM RUIDOSO,USC00297649,33.3678,-105.6611,2112.,3,2,258R,542R,5R
NM RUIDOSO,USC00297649,33.3678,-105.6611,2112.,3,3,259R,544R,7R
NM RUIDOSO,USC00297649,33.3678,-105.6611,2112.,3,4,260R,546R,9R
NM RUIDOSO,USC00297649,33.3678,-105.6611,2112.,3,5,261R,548R,12R
NM RUIDOSO,USC00297649,33.3678,-105.6611,2112.,3,6,263R,550R,14R
NM RUIDOSO,USC00297649,33.3678,-105.6611,2112.,3,7,264R,552R,17R
NM RUIDOSO,USC00297649,33.3678,-105.6611,2112.,3,8,265R,555R,19R
NM RUIDOSO,USC00297649,33.3678,-105.6611,2112.,3,9,266R,557R,22R
NM RUIDOSO,USC00297649,33.3678,-105.6611,2112.,3,10,267R,559R,24R
NM RUIDOSO,USC00297649,33.3678,-105.6611,2112.,3,11,269R,562R,27R
NM RUIDOSO,USC00297649,33.3678,-105.6611,2112.,3,12,270R,564R,29R
NM RUIDOSO,USC00297649,33.3678,-105.6611,2112.,3,13,271R,566R,32R
NM RUIDOSO,USC00297649,33.3678,-105.6611,2112.,3,14,273R,569R,34R
NM RUIDOSO,USC00297649,33.3678,-105.6611,2112.,3,15,274R,571R,37R
NM RUIDOSO,USC00297649,33.3678,-105.6611,2112.,3,16,276R,574R,39R
NM RUIDOSO,USC00297649,33.3678,-105.6611,2112.,3,17,277R,576R,42R
NM RUIDOSO,USC00297649,33.3678,-105.6611,2112.,3,18,279R,579R,44R
NM RUIDOSO,USC00297649,33.3678,-105.6611,2112.,3,19,280R,582R,47R
NM RUIDOSO,USC00297649,33.3678,-105.6611,2112.,3,20,282R,584R,49R
NM RUIDOSO,USC00297649,33.3678,-105.6611,2112.,3,21,283R,587R,52R
NM RUIDOSO,USC00297649,33.3678,-105.6611,2112.,3,22,285R,590R,55R
NM RUIDOSO,USC00297649,33.3678,-105.6611,2112.,3,23,287R,592R,58R
NM RUIDOSO,USC00297649,33.3678,-105.6611,2112.,3,24,289R,595R,61R
NM RUIDOSO,USC00297649,33.3678,-105.6611,2112.,3,25,290R,598R,65R
NM RUIDOSO,USC00297649,33.3678,-105.6611,2112.,3,26,292R,600R,68R
NM RUIDOSO,USC00297649,33.3678,-105.6611,2112.,3,27,294R,603R,71R
NM RUIDOSO,USC00297649,33.3678,-105.6611,2112.,3,28,296R,606R,74R
NM RUIDOSO,USC00297649,33.3678,-105.6611,2112.,3,29,298R,609R,78R
NM RUIDOSO,USC00297649,33.3678,-105.6611,2112.,3,30,299R,611R,81R
NM RUIDOSO,USC00297649,33.3678,-105.6611,2112.,3,31,301R,614R,84R
NM RUIDOSO,USC00297649,33.3678,-105.6611,2112.,4,1,303R,617R,3R
NM RUIDOSO,USC00297649,33.3678,-105.6611,2112.,4,2,305R,620R,6R
NM RUIDOSO,USC00297649,33.3678,-105.6611,2112.,4,3,307R,622R,9R
NM RUIDOSO,USC00297649,33.3678,-105.6611,2112.,4,4,309R,625R,12R
NM RUIDOSO,USC00297649,33.3678,-105.6611,2112.,4,5,311R,628R,15R
NM RUIDOSO,USC00297649,33.3678,-105.6611,2112.,4,6,313R,630R,18R
NM RUIDOSO,USC00297649,33.3678,-105.6611,2112.,4,7,315R,633R,20R
NM RUIDOSO,USC00297649,33.3678,-105.6611,2112.,4,8,317R,636R,23R
NM RUIDOSO,USC00297649,33.3678,-105.6611,2112.,4,9,320R,639R,26R
NM RUIDOSO,USC00297649,33.3678,-105.6611,2112.,4,10,322R,641R,29R
NM RUIDOSO,USC00297649,33.3678,-105.6611,2112.,4,11,324R,644R,32R
NM RUIDOSO,USC00297649,33.3678,-105.6611,2112.,4,12,326R,646R,34R
NM RUIDOSO,USC00297649,33.3678,-105.6611,2112.,4,13,328R,649R,37R
NM RUIDOSO,USC00297649,33.3678,-105.6611,2112.,4,14,330R,652R,39R
NM RUIDOSO,USC00297649,33.3678,-105.6611,2112.,4,15,333R,654R,42R
NM RUIDOSO,USC00297649,33.3678,-105.6611,2112.,4,16,335R,657R,44R
NM RUIDOSO,USC00297649,33.3678,-105.6611,2112.,4,17,337R,659R,47R
NM RUIDOSO,USC00297649,33.3678,-105.6611,2112.,4,18,339R,662R,49R
NM RUIDOSO,USC00297649,33.3678,-105.6611,2112.,4,19,341R,664R,51R
NM RUIDOSO,USC00297649,33.3678,-105.6611,2112.,4,20,344R,667R,53R
NM RUIDOSO,USC00297649,33.3678,-105.6611,2112.,4,21,346R,669R,55R
NM RUIDOSO,USC00297649,33.3678,-105.6611,2112.,4,22,348R,672R,57R
NM RUIDOSO,USC00297649,33.3678,-105.6611,2112.,4,23,350R,674R,58R
NM RUIDOSO,USC00297649,33.3678,-105.6611,2112.,4,24,353R,677R,60R
NM RUIDOSO,USC00297649,33.3678,-105.6611,2112.,4,25,355R,679R,62R
NM RUIDOSO,USC00297649,33.3678,-105.6611,2112.,4,26,357R,682R,63R
NM RUIDOSO,USC00297649,33.3678,-105.6611,2112.,4,27,359R,684R,64R
NM RUIDOSO,USC00297649,33.3678,-105.6611,2112.,4,28,362R,687R,66R
NM RUIDOSO,USC00297649,33.3678,-105.6611,2112.,4,29,364R,689R,67R
NM RUIDOSO,USC00297649,33.3678,-105.6611,2112.,4,30,366R,691R,69R
NM RUIDOSO,USC00297649,33.3678,-105.6611,2112.,4,31,-8888,-8888,-8888
NM RUIDOSO,USC00297649,33.3678,-105.6611,2112.,5,1,368R,694R,2R
NM RUIDOSO,USC00297649,33.3678,-105.6611,2112.,5,2,371R,696R,5R
NM RUIDOSO,USC00297649,33.3678,-105.6611,2112.,5,3,373R,699R,8R
NM RUIDOSO,USC00297649,33.3678,-105.6611,2112.,5,4,375R,701R,11R
NM RUIDOSO,USC00297649,33.3678,-105.6611,2112.,5,5,377R,704R,14R
NM RUIDOSO,USC00297649,33.3678,-105.6611,2112.,5,6,380R,707R,17R
NM RUIDOSO,USC00297649,33.3678,-105.6611,2112.,5,7,382R,709R,20R
NM RUIDOSO,USC00297649,33.3678,-105.6611,2112.,5,8,384R,712R,23R
NM RUIDOSO,USC00297649,33.3678,-105.6611,2112.,5,9,386R,714R,26R
NM RUIDOSO,USC00297649,33.3678,-105.6611,2112.,5,10,388R,717R,30R
NM RUIDOSO,USC00297649,33.3678,-105.6611,2112.,5,11,391R,720R,34R
NM RUIDOSO,USC00297649,33.3678,-105.6611,2112.,5,12,393R,723R,37R
NM RUIDOSO,USC00297649,33.3678,-105.6611,2112.,5,13,395R,725R,41R
NM RUIDOSO,USC00297649,33.3678,-105.6611,2112.,5,14,397R,728R,45R
NM RUIDOSO,USC00297649,33.3678,-105.6611,2112.,5,15,400R,731R,49R
NM RUIDOSO,USC00297649,33.3678,-105.6611,2112.,5,16,402R,734R,52R
NM RUIDOSO,USC00297649,33.3678,-105.6611,2112.,5,17,404R,737R,56R
NM RUIDOSO,USC00297649,33.3678,-105.6611,2112.,5,18,406R,740R,60R
NM RUIDOSO,USC00297649,33.3678,-105.6611,2112.,5,19,409R,743R,64R
NM RUIDOSO,USC00297649,33.3678,-105.6611,2112.,5,20,411R,746R,67R
NM RUIDOSO,USC00297649,33.3678,-105.6611,2112.,5,21,413R,749R,71R
NM RUIDOSO,USC00297649,33.3678,-105.6611,2112.,5,22,415R,752R,76R
NM RUIDOSO,USC00297649,33.3678,-105.6611,2112.,5,23,418R,755R,80R
NM RUIDOSO,USC00297649,33.3678,-105.6611,2112.,5,24,420R,758R,85R
NM RUIDOSO,USC00297649,33.3678,-105.6611,2112.,5,25,422R,761R,90R
NM RUIDOSO,USC00297649,33.3678,-105.6611,2112.,5,26,424R,764R,95R
NM RUIDOSO,USC00297649,33.3678,-105.6611,2112.,5,27,427R,767R,100R
NM RUIDOSO,USC00297649,33.3678,-105.6611,2112.,5,28,429R,770R,105R
NM RUIDOSO,USC00297649,33.3678,-105.6611,2112.,5,29,431R,773R,110R
NM RUIDOSO,USC00297649,33.3678,-105.6611,2112.,5,30,433R,776R,115R
NM RUIDOSO,USC00297649,33.3678,-105.6611,2112.,5,31,436R,780R,119R
NM RUIDOSO,USC00297649,33.3678,-105.6611,2112.,6,1,438R,782R,4R
NM RUIDOSO,USC00297649,33.3678,-105.6611,2112.,6,2,440R,785R,8R
NM RUIDOSO,USC00297649,33.3678,-105.6611,2112.,6,3,442R,788R,12R
NM RUIDOSO,USC00297649,33.3678,-105.6611,2112.,6,4,444R,791R,16R
NM RUIDOSO,USC00297649,33.3678,-105.6611,2112.,6,5,447R,794R,20R
NM RUIDOSO,USC00297649,33.3678,-105.6611,2112.,6,6,449R,797R,25R
NM RUIDOSO,USC00297649,33.3678,-105.6611,2112.,6,7,451R,799R,29R
NM RUIDOSO,USC00297649,33.3678,-105.6611,2112.,6,8,453R,802R,34R
NM RUIDOSO,USC00297649,33.3678,-105.6611,2112.,6,9,455R,804R,38R
NM RUIDOSO,USC00297649,33.3678,-105.6611,2112.,6,10,457R,807R,43R
NM RUIDOSO,USC00297649,33.3678,-105.6611,2112.,6,11,460R,809R,48R
NM RUIDOSO,USC00297649,33.3678,-105.6611,2112.,6,12,462R,811R,54R
NM RUIDOSO,USC00297649,33.3678,-105.6611,2112.,6,13,464R,813R,60R
NM RUIDOSO,USC00297649,33.3678,-105.6611,2112.,6,14,466R,815R,67R
NM RUIDOSO,USC00297649,33.3678,-105.6611,2112.,6,15,468R,816R,74R
NM RUIDOSO,USC00297649,33.3678,-105.6611,2112.,6,16,470R,818R,81R
NM RUIDOSO,USC00297649,33.3678,-105.6611,2112.,6,17,472R,819R,89R
NM RUIDOSO,USC00297649,33.3678,-105.6611,2112.,6,18,474R,821R,98R
NM RUIDOSO,USC00297649,33.3678,-105.6611,2112.,6,19,476R,822R,106R
NM RUIDOSO,USC00297649,33.3678,-105.6611,2112.,6,20,478R,823R,114R
NM RUIDOSO,USC00297649,33.3678,-105.6611,2112.,6,21,480R,823R,123R
NM RUIDOSO,USC00297649,33.3678,-105.6611,2112.,6,22,481R,824R,131R
NM RUIDOSO,USC00297649,33.3678,-105.6611,2112.,6,23,483R,825R,139R
NM RUIDOSO,USC00297649,33.3678,-105.6611,2112.,6,24,485R,825R,148R
NM RUIDOSO,USC00297649,33.3678,-105.6611,2112.,6,25,487R,825R,157R
NM RUIDOSO,USC00297649,33.3678,-105.6611,2112.,6,26,489R,825R,166R
NM RUIDOSO,USC00297649,33.3678,-105.6611,2112.,6,27,490R,825R,176R
NM RUIDOSO,USC00297649,33.3678,-105.6611,2112.,6,28,492R,825R,186R
NM RUIDOSO,USC00297649,33.3678,-105.6611,2112.,6,29,494R,824R,196R
NM RUIDOSO,USC00297649,33.3678,-105.6611,2112.,6,30,495R,824R,206R
NM RUIDOSO,USC00297649,33.3678,-105.6611,2112.,6,31,-8888,-8888,-8888
NM RUIDOSO,USC00297649,33.3678,-105.6611,2112.,7,1,497R,823R,9R
NM RUIDOSO,USC00297649,33.3678,-105.6611,2112.,7,2,498R,822R,19R
NM RUIDOSO,USC00297649,33.3678,-105.6611,2112.,7,3,500R,821R,29R
NM RUIDOSO,USC00297649,33.3678,-105.6611,2112.,7,4,501R,820R,39R
NM RUIDOSO,USC00297649,33.3678,-105.6611,2112.,7,5,503R,819R,49R
NM RUIDOSO,USC00297649,33.3678,-105.6611,2112.,7,6,504R,818R,59R
NM RUIDOSO,USC00297649,33.3678,-105.6611,2112.,7,7,506R,817R,69R
NM RUIDOSO,USC00297649,33.3678,-105.6611,2112.,7,8,507R,815R,79R
NM RUIDOSO,USC00297649,33.3678,-105.6611,2112.,7,9,508R,814R,89R
NM RUIDOSO,USC00297649,33.3678,-105.6611,2112.,7,10,510R,812R,98R
NM RUIDOSO,USC00297649,33.3678,-105.6611,2112.,7,11,511R,811R,108R
NM RUIDOSO,USC00297649,33.3678,-105.6611,2112.,7,12,512R,809R,118R
NM RUIDOSO,USC00297649,33.3678,-105.6611,2112.,7,13,513R,808R,129R
NM RUIDOSO,USC00297649,33.3678,-105.6611,2112.,7,14,514R,806R,140R
NM RUIDOSO,USC00297649,33.3678,-105.6611,2112.,7,15,515R,804R,152R
NM RUIDOSO,USC00297649,33.3678,-105.6611,2112.,7,16,516R,803R,163R
NM RUIDOSO,USC00297649,33.3678,-105.6611,2112.,7,17,517R,801R,174R
NM RUIDOSO,USC00297649,33.3678,-105.6611,2112.,7,18,518R,799R,186R
NM RUIDOSO,USC00297649,33.3678,-105.6611,2112.,7,19,519R,798R,198R
NM RUIDOSO,USC00297649,33.3678,-105.6611,2112.,7,20,519R,796R,211R
NM RUIDOSO,USC00297649,33.3678,-105.6611,2112.,7,21,520R,795R,225R
NM RUIDOSO,USC00297649,33.3678,-105.6611,2112.,7,22,521R,793R,239R
NM RUIDOSO,USC00297649,33.3678,-105.6611,2112.,7,23,521R,792R,252R
NM RUIDOSO,USC00297649,33.3678,-105.6611,2112.,7,24,522R,791R,266R
NM RUIDOSO,USC00297649,33.3678,-105.6611,2112.,7,25,522R,789R,280R
NM RUIDOSO,USC00297649,33.3678,-105.6611,2112.,7,26,523R,788R,293R
NM RUIDOSO,USC00297649,33.3678,-105.6611,2112.,7,27,523R,787R,307R
NM RUIDOSO,USC00297649,33.3678,-105.6611,2112.,7,28,523R,786R,321R
NM RUIDOSO,USC00297649,33.3678,-105.6611,2112.,7,29,523R,785R,335R
NM RUIDOSO,USC00297649,33.3678,-105.6611,2112.,7,30,524R,784R,350R
NM RUIDOSO,USC00297649,33.3678,-105.6611,2112.,7,31,524R,784R,365R
NM RUIDOSO,USC00297649,33.3678,-105.6611,2112.,8,1,524R,783R,18R
NM RUIDOSO,USC00297649,33.3678,-105.6611,2112.,8,2,523R,782R,35R
NM RUIDOSO,USC00297649,33.3678,-105.6611,2112.,8,3,523R,782R,53R
NM RUIDOSO,USC00297649,33.3678,-105.6611,2112.,8,4,523R,781R,71R
NM RUIDOSO,USC00297649,33.3678,-105.6611,2112.,8,5,523R,781R,89R
NM RUIDOSO,USC00297649,33.3678,-105.6611,2112.,8,6,522R,781R,108R
NM RUIDOSO,USC00297649,33.3678,-105.6611,2112.,8,7,522R,780R,126R
NM RUIDOSO,USC00297649,33.3678,-105.6611,2112.,8,8,521R,780R,145R
NM RUIDOSO,USC00297649,33.3678,-105.6611,2112.,8,9,521R,780R,163R
NM RUIDOSO,USC00297649,33.3678,-105.6611,2112.,8,10,520R,780R,181R
NM RUIDOSO,USC00297649,33.3678,-105.6611,2112.,8,11,519R,780R,198R
NM RUIDOSO,USC00297649,33.3678,-105.6611,2112.,8,12,518R,780R,215R
NM RUIDOSO,USC00297649,33.3678,-105.6611,2112.,8,13,517R,780R,231R
NM RUIDOSO,USC00297649,33.3678,-105.6611,2112.,8,14,516R,780R,247R
NM RUIDOSO,USC00297649,33.3678,-105.6611,2112.,8,15,515R,780R,262R
NM RUIDOSO,USC00297649,33.3678,-105.6611,2112.,8,16,514R,780R,277R
NM RUIDOSO,USC00297649,33.3678,-105.6611,2112.,8,17,513R,780R,291R
NM RUIDOSO,USC00297649,33.3678,-105.6611,2112.,8,18,511R,780R,305R
NM RUIDOSO,USC00297649,33.3678,-105.6611,2112.,8,19,510R,780R,318R
NM RUIDOSO,USC00297649,33.3678,-105.6611,2112.,8,20,509R,780R,332R
NM RUIDOSO,USC00297649,33.3678,-105.6611,2112.,8,21,507R,780R,345R
NM RUIDOSO,USC00297649,33.3678,-105.6611,2112.,8,22,505R,780R,358R
NM RUIDOSO,USC00297649,33.3678,-105.6611,2112.,8,23,504R,780R,371R
NM RUIDOSO,USC00297649,33.3678,-105.6611,2112.,8,24,502R,780R,383R
NM RUIDOSO,USC00297649,33.3678,-105.6611,2112.,8,25,500R,780R,396R
NM RUIDOSO,USC00297649,33.3678,-105.6611,2112.,8,26,498R,779R,409R
NM RUIDOSO,USC00297649,33.3678,-105.6611,2112.,8,27,496R,779R,421R
NM RUIDOSO,USC00297649,33.3678,-105.6611,2112.,8,28,494R,778R,434R
NM RUIDOSO,USC00297649,33.3678,-105.6611,2112.,8,29,492R,778R,446R
NM RUIDOSO,USC00297649,33.3678,-105.6611,2112.,8,30,490R,777R,457R
NM RUIDOSO,USC00297649,33.3678,-105.6611,2112.,8,31,488R,776R,469R
NM RUIDOSO,USC00297649,33.3678,-105.6611,2112.,9,1,485R,776R,10R
NM RUIDOSO,USC00297649,33.3678,-105.6611,2112.,9,2,483R,775R,21R
NM RUIDOSO,USC00297649,33.3678,-105.6611,2112.,9,3,481R,774R,31R
NM RUIDOSO,USC00297649,33.3678,-105.6611,2112.,9,4,478R,772R,42R
NM RUIDOSO,USC00297649,33.3678,-105.6611,2112.,9,5,476R,771R,52R
NM RUIDOSO,USC00297649,33.3678,-105.6611,2112.,9,6,474R,770R,62R
NM RUIDOSO,USC00297649,33.3678,-105.6611,2112.,9,7,471R,768R,72R
NM RUIDOSO,USC00297649,33.3678,-105.6611,2112.,9,8,469R,767R,82R
NM RUIDOSO,USC00297649,33.3678,-105.6611,2112.,9,9,466R,765R,91R
NM RUIDOSO,USC00297649,33.3678,-105.6611,2112.,9,10,463R,763R,100R
NM RUIDOSO,USC00297649,33.3678,-105.6611,2112.,9,11,461R,761R,109R
NM RUIDOSO,USC00297649,33.3678,-105.6611,2112.,9,12,458R,759R,118R
NM RUIDOSO,USC00297649,33.3678,-105.6611,2112.,9,13,455R,757R,127R
NM RUIDOSO,USC00297649,33.3678,-105.6611,2112.,9,14,453R,755R,136R
NM RUIDOSO,USC00297649,33.3678,-105.6611,2112.,9,15,450R,753R,144R
NM RUIDOSO,USC00297649,33.3678,-105.6611,2112.,9,16,447R,751R,153R
NM RUIDOSO,USC00297649,33.3678,-105.6611,2112.,9,17,445R,748R,161R
NM RUIDOSO,USC00297649,33.3678,-105.6611,2112.,9,18,442R,746R,169R
NM RUIDOSO,USC00297649,33.3678,-105.6611,2112.,9,19,439R,743R,177R
NM RUIDOSO,USC00297649,33.3678,-105.6611,2112.,9,20,436R,741R,185R
NM RUIDOSO,USC00297649,33.3678,-105.6611,2112.,9,21,433R,738R,194R
NM RUIDOSO,USC00297649,33.3678,-105.6611,2112.,9,22,431R,735R,202R
NM RUIDOSO,USC00297649,33.3678,-105.6611,2112.,9,23,428R,733R,209R
NM RUIDOSO,USC00297649,33.3678,-105.6611,2112.,9,24,425R,730R,217R
NM RUIDOSO,USC00297649,33.3678,-105.6611,2112.,9,25,422R,727R,225R
NM RUIDOSO,USC00297649,33.3678,-105.6611,2112.,9,26,419R,724R,232R
NM RUIDOSO,USC00297649,33.3678,-105.6611,2112.,9,27,417R,721R,240R
NM RUIDOSO,USC00297649,33.3678,-105.6611,2112.,9,28,414R,718R,247R
NM RUIDOSO,USC00297649,33.3678,-105.6611,2112.,9,29,411R,715R,254R
NM RUIDOSO,USC00297649,33.3678,-105.6611,2112.,9,30,408R,712R,261R
NM RUIDOSO,USC00297649,33.3678,-105.6611,2112.,9,31,-8888,-8888,-8888
NM RUIDOSO,USC00297649,33.3678,-105.6611,2112.,10,1,405R,709R,6R
NM RUIDOSO,USC00297649,33.3678,-105.6611,2112.,10,2,402R,706R,12R
NM RUIDOSO,USC00297649,33.3678,-105.6611,2112.,10,3,399R,703R,18R
NM RUIDOSO,USC00297649,33.3678,-105.6611,2112.,10,4,396R,700R,24R
NM RUIDOSO,USC00297649,33.3678,-105.6611,2112.,10,5,393R,697R,30R
NM RUIDOSO,USC00297649,33.3678,-105.6611,2112.,10,6,390R,694R,36R
NM RUIDOSO,USC00297649,33.3678,-105.6611,2112.,10,7,388R,691R,43R
NM RUIDOSO,USC00297649,33.3678,-105.6611,2112.,10,8,385R,688R,49R
NM RUIDOSO,USC00297649,33.3678,-105.6611,2112.,10,9,382R,685R,55R
NM RUIDOSO,USC00297649,33.3678,-105.6611,2112.,10,10,379R,682R,61R
NM RUIDOSO,USC00297649,33.3678,-105.6611,2112.,10,11,376R,678R,67R
NM RUIDOSO,USC00297649,33.3678,-105.6611,2112.,10,12,373R,675R,73R
NM RUIDOSO,USC00297649,33.3678,-105.6611,2112.,10,13,370R,672R,79R
NM RUIDOSO,USC00297649,33.3678,-105.6611,2112.,10,14,367R,669R,85R
NM RUIDOSO,USC00297649,33.3678,-105.6611,2112.,10,15,364R,666R,91R
NM RUIDOSO,USC00297649,33.3678,-105.6611,2112.,10,16,360R,663R,97R
NM RUIDOSO,USC00297649,33.3678,-105.6611,2112.,10,17,357R,659R,103R
NM RUIDOSO,USC00297649,33.3678,-105.6611,2112.,10,18,354R,656R,108R
NM RUIDOSO,USC00297649,33.3678,-105.6611,2112.,10,19,351R,653R,113R
NM RUIDOSO,USC00297649,33.3678,-105.6611,2112.,10,20,348R,650R,118R
NM RUIDOSO,USC00297649,33.3678,-105.6611,2112.,10,21,345R,646R,124R
NM RUIDOSO,USC00297649,33.3678,-105.6611,2112.,10,22,342R,643R,128R
NM RUIDOSO,USC00297649,33.3678,-105.6611,2112.,10,23,339R,640R,133R
NM RUIDOSO,USC00297649,33.3678,-105.6611,2112.,10,24,336R,636R,137R
NM RUIDOSO,USC00297649,33.3678,-105.6611,2112.,10,25,332R,633R,141R
NM RUIDOSO,USC00297649,33.3678,-105.6611,2112.,10,26,329R,630R,145R
NM RUIDOSO,USC00297649,33.3678,-105.6611,2112.,10,27,326R,626R,149R
NM RUIDOSO,USC00297649,33.3678,-105.6611,2112.,10,28,323R,623R,153R
NM RUIDOSO,USC00297649,33.3678,-105.6611,2112.,10,29,320R,619R,156R
NM RUIDOSO,USC00297649,33.3678,-105.6611,2112.,10,30,317R,616R,160R
NM RUIDOSO,USC00297649,33.3678,-105.6611,2112.,10,31,313R,612R,164R
NM RUIDOSO,USC00297649,33.3678,-105.6611,2112.,11,1,310R,609R,3R
NM RUIDOSO,USC00297649,33.3678,-105.6611,2112.,11,2,307R,605R,6R
NM RUIDOSO,USC00297649,33.3678,-105.6611,2112.,11,3,304R,602R,8R
NM RUIDOSO,USC00297649,33.3678,-105.6611,2112.,11,4,301R,598R,11R
NM RUIDOSO,USC00297649,33.3678,-105.6611,2112.,11,5,298R,595R,13R
NM RUIDOSO,USC00297649,33.3678,-105.6611,2112.,11,6,295R,591R,15R
NM RUIDOSO,USC00297649,33.3678,-105.6611,2112.,11,7,292R,587R,17R
NM RUIDOSO,USC00297649,33.3678,-105.6611,2112.,11,8,289R,584R,19R
NM RUIDOSO,USC00297649,33.3678,-105.6611,2112.,11,9,286R,580R,21R
NM RUIDOSO,USC00297649,33.3678,-105.6611,2112.,11,10,283R,576R,22R
NM RUIDOSO,USC00297649,33.3678,-105.6611,2112.,11,11,280R,573R,24R
NM RUIDOSO,USC00297649,33.3678,-105.6611,2112.,11,12,277R,569R,26R
NM RUIDOSO,USC00297649,33.3678,-105.6611,2112.,11,13,274R,566R,28R
NM RUIDOSO,USC00297649,33.3678,-105.6611,2112.,11,14,271R,562R,30R
NM RUIDOSO,USC00297649,33.3678,-105.6611,2112.,11,15,269R,558R,31R
NM RUIDOSO,USC00297649,33.3678,-105.6611,2112.,11,16,266R,555R,33R
NM RUIDOSO,USC00297649,33.3678,-105.6611,2112.,11,17,263R,551R,36R
NM RUIDOSO,USC00297649,33.3678,-105.6611,2112.,11,18,261R,548R,38R
NM RUIDOSO,USC00297649,33.3678,-105.6611,2112.,11,19,258R,545R,40R
NM RUIDOSO,USC00297649,33.3678,-105.6611,2112.,11,20,256R,541R,43R
NM RUIDOSO,USC00297649,33.3678,-105.6611,2112.,11,21,253R,538R,45R
NM RUIDOSO,USC00297649,33.3678,-105.6611,2112.,11,22,251R,535R,48R
NM RUIDOSO,USC00297649,33.3678,-105.6611,2112.,11,23,248R,532R,51R
NM RUIDOSO,USC00297649,33.3678,-105.6611,2112.,11,24,246R,529R,53R
NM RUIDOSO,USC00297649,33.3678,-105.6611,2112.,11,25,244R,526R,56R
NM RUIDOSO,USC00297649,33.3678,-105.6611,2112.,11,26,242R,523R,59R
NM RUIDOSO,USC00297649,33.3678,-105.6611,2112.,11,27,240R,520R,62R
NM RUIDOSO,USC00297649,33.3678,-105.6611,2112.,11,28,238R,517R,65R
NM RUIDOSO,USC00297649,33.3678,-105.6611,2112.,11,29,236R,515R,67R
NM RUIDOSO,USC00297649,33.3678,-105.6611,2112.,11,30,234R,512R,70R
NM RUIDOSO,USC00297649,33.3678,-105.6611,2112.,11,31,-8888,-8888,-8888
NM RUIDOSO,USC00297649,33.3678,-105.6611,2112.,12,1,233R,510R,4R
NM RUIDOSO,USC00297649,33.3678,-105.6611,2112.,12,2,231R,507R,9R
NM RUIDOSO,USC00297649,33.3678,-105.6611,2112.,12,3,229R,505R,13R
NM RUIDOSO,USC00297649,33.3678,-105.6611,2112.,12,4,228R,503R,18R
NM RUIDOSO,USC00297649,33.3678,-105.6611,2112.,12,5,226R,501R,22R
NM RUIDOSO,USC00297649,33.3678,-105.6611,2112.,12,6,225R,499R,27R
NM RUIDOSO,USC00297649,33.3678,-105.6611,2112.,12,7,224R,497R,32R
NM RUIDOSO,USC00297649,33.3678,-105.6611,2112.,12,8,223R,495R,37R
NM RUIDOSO,USC00297649,33.3678,-105.6611,2112.,12,9,221R,494R,43R
NM RUIDOSO,USC00297649,33.3678,-105.6611,2112.,12,10,220R,492R,48R
NM RUIDOSO,USC00297649,33.3678,-105.6611,2112.,12,11,219R,491R,54R
NM RUIDOSO,USC00297649,33.3678,-105.6611,2112.,12,12,218R,490R,59R
NM RUIDOSO,USC00297649,33.3678,-105.6611,2112.,12,13,218R,488R,65R
NM RUIDOSO,USC00297649,33.3678,-105.6611,2112.,12,14,217R,487R,71R
NM RUIDOSO,USC00297649,33.3678,-105.6611,2112.,12,15,216R,486R,76R
NM RUIDOSO,USC00297649,33.3678,-105.6611,2112.,12,16,215R,485R,82R
NM RUIDOSO,USC00297649,33.3678,-105.6611,2112.,12,17,215R,485R,87R
NM RUIDOSO,USC00297649,33.3678,-105.6611,2112.,12,18,214R,484R,92R
NM RUIDOSO,USC00297649,33.3678,-105.6611,2112.,12,19,214R,483R,98R
NM RUIDOSO,USC00297649,33.3678,-105.6611,2112.,12,20,213R,483R,103R
NM RUIDOSO,USC00297649,33.3678,-105.6611,2112.,12,21,213R,482R,108R
NM RUIDOSO,USC00297649,33.3678,-105.6611,2112.,12,22,213R,482R,113R
NM RUIDOSO,USC00297649,33.3678,-105.6611,2112.,12,23,213R,482R,118R
NM RUIDOSO,USC00297649,33.3678,-105.6611,2112.,12,24,212R,481R,123R
NM RUIDOSO,USC00297649,33.3678,-105.6611,2112.,12,25,212R,481R,128R
NM RUIDOSO,USC00297649,33.3678,-105.6611,2112.,12,26,212R,481R,133R
NM RUIDOSO,USC00297649,33.3678,-105.6611,2112.,12,27,212R,481R,138R
NM RUIDOSO,USC00297649,33.3678,-105.6611,2112.,12,28,212R,481R,142R
NM RUIDOSO,USC00297649,33.3678,-105.6611,2112.,12,29,212R,481R,147R
NM RUIDOSO,USC00297649,33.3678,-105.6611,2112.,12,30,212R,481R,151R
NM RUIDOSO,USC00297649,33.3678,-105.6611,2112.,12,31,213R,481R,156R
