station_name,gchn_daily_id,latitude,longitude,elevation(m),month,day,temp_min,temp_max,precipitation_mtd
CA MONTEREY PENINSUL AP,USW00023259,36.5881,-121.8453,50.3m,1,1,418R,597R,18Q
CA MONTEREY PENINSUL AP,USW00023259,36.5881,-121.8453,50.3m,1,2,419R,596R,36Q
CA MONTEREY PENINSUL AP,USW00023259,36.5881,-121.8453,50.3m,1,3,419R,596R,53Q
CA MONTEREY PENINSUL AP,USW00023259,36.5881,-121.8453,50.3m,1,4,419R,595R,68Q
CA MONTEREY PENINSUL AP,USW00023259,36.5881,-121.8453,50.3m,1,5,419R,595R,83Q
CA MONTEREY PENINSUL AP,USW00023259,36.5881,-121.8453,50.3m,1,6,420R,595R,98Q
CA MONTEREY PENINSUL AP,USW00023259,36.5881,-121.8453,50.3m,1,7,420R,595R,112Q
CA MONTEREY PENINSUL AP,USW00023259,36.5881,-121.8453,50.3m,1,8,420R,594R,127Q
CA MONTEREY PENINSUL AP,USW00023259,36.5881,-121.8453,50.3m,1,9,421R,594R,141Q
CA MONTEREY PENINSUL AP,USW00023259,36.5881,-121.8453,50.3m,1,10,421R,594R,156Q
CA MONTEREY PENINSUL AP,USW00023259,36.5881,-121.8453,50.3m,1,11,421R,594R,170Q
CA MONTEREY PENINSUL AP,USW00023259,36.5881,-121.8453,50.3m,1,12,422R,594R,183Q
CA MONTEREY PENINSUL AP,USW00023259,36.5881,-121.8453,50.3m,1,13,422R,593R,194Q
CA MONTEREY PENINSUL AP,USW00023259,36.5881,-121.8453,50.3m,1,14,423R,593R,205Q
CA MONTEREY PENINSUL AP,USW00023259,36.5881,-121.8453,50.3m,1,15,423R,593R,214Q
CA MONTEREY PENINSUL AP,USW00023259,36.5881,-121.8453,50.3m,1,16,424R,593R,222Q
CA MONTEREY PENINSUL AP,USW00023259,36.5881,-121.8453,50.3m,1,17,425R,593R,229Q
CA MONTEREY PENINSUL AP,USW00023259,36.5881,-121.8453,50.3m,1,18,425R,594R,235Q
CA MONTEREY PENINSUL AP,USW00023259,36.5881,-121.8453,50.3m,1,19,426R,594R,243Q
CA MONTEREY PENINSUL AP,USW00023259,36.5881,-121.8453,50.3m,1,20,426R,594R,250Q
CA MONTEREY PENINSUL AP,USW00023259,36.5881,-121.8453,50.3m,1,21,427R,594R,258Q
CA MONTEREY PENINSUL AP,USW00023259,36.5881,-121.8453,50.3m,1,22,428R,594R,265Q
CA MONTEREY PENINSUL AP,USW00023259,36.5881,-121.8453,50.3m,1,23,429R,595R,272Q
CA MONTEREY PENINSUL AP,USW00023259,36.5881,-121.8453,50.3m,1,24,429R,595R,278Q
CA MONTEREY PENINSUL AP,USW00023259,36.5881,-121.8453,50.3m,1,25,430R,596R,283Q
CA MONTEREY PENINSUL AP,USW00023259,36.5881,-121.8453,50.3m,1,26,431R,596R,287Q
CA MONTEREY PENINSUL AP,USW00023259,36.5881,-121.8453,50.3m,1,27,432R,597R,292Q
CA MONTEREY PENINSUL AP,USW00023259,36.5881,-121.8453,50.3m,1,28,433R,597R,298Q
CA MONTEREY PENINSUL AP,USW00023259,36.5881,-121.8453,50.3m,1,29,433R,598R,304Q
CA MONTEREY PENINSUL AP,USW00023259,36.5881,-121.8453,50.3m,1,30,434R,598R,311Q
CA MONTEREY PENINSUL AP,USW00023259,36.5881,-121.8453,50.3m,1,31,435R,599R,317Q
CA MONTEREY PENINSUL AP,USW00023259,36.5881,-121.8453,50.3m,2,1,436R,599R,7Q
CA MONTEREY PENINSUL AP,USW00023259,36.5881,-121.8453,50.3m,2,2,437R,600R,15Q
CA MONTEREY PENINSUL AP,USW00023259,36.5881,-121.8453,50.3m,2,3,438R,601R,23Q
CA MONTEREY PENINSUL AP,USW00023259,36.5881,-121.8453,50.3m,2,4,439R,601R,32Q
CA MONTEREY PENINSUL AP,USW00023259,36.5881,-121.8453,50.3m,2,5,440R,602R,41Q
CA MONTEREY PENINSUL AP,USW00023259,36.5881,-121.8453,50.3m,2,6,441R,603R,51Q
CA MONTEREY PENINSUL AP,USW00023259,36.5881,-121.8453,50.3m,2,7,441R,603R,61Q
CA MONTEREY PENINSUL AP,USW00023259,36.5881,-121.8453,50.3m,2,8,442R,604R,71Q
CA MONTEREY PENINSUL AP,USW00023259,36.5881,-121.8453,50.3m,2,9,443R,605R,81Q
CA MONTEREY PENINSUL AP,USW00023259,36.5881,-121.8453,50.3m,2,10,444R,605R,90Q
CA MONTEREY PENINSUL AP,USW00023259,36.5881,-121.8453,50.3m,2,11,445R,606R,100Q
CA MONTEREY PENINSUL AP,USW00023259,36.5881,-121.8453,50.3m,2,12,446R,607R,111Q
CA MONTEREY PENINSUL AP,USW00023259,36.5881,-121.8453,50.3m,2,13,447R,607R,121Q
CA MONTEREY PENINSUL AP,USW00023259,36.5881,-121.8453,50.3m,2,14,447R,608R,132Q
CA MONTEREY PENINSUL AP,USW00023259,36.5881,-121.8453,50.3m,2,15,448R,608R,143Q
CA MONTEREY PENINSUL AP,USW00023259,36.5881,-121.8453,50.3m,2,16,449R,609R,155Q
CA MONTEREY PENINSUL AP,USW00023259,36.5881,-121.8453,50.3m,2,17,450R,609R,167Q
CA MONTEREY PENINSUL AP,USW00023259,36.5881,-121.8453,50.3m,2,18,450R,610R,180Q
CA MONTEREY PENINSUL AP,USW00023259,36.5881,-121.8453,50.3m,2,19,451R,610R,193Q
CA MONTEREY PENINSUL AP,USW00023259,36.5881,-121.8453,50.3m,2,20,452R,610R,207Q
CA MONTEREY PENINSUL AP,USW00023259,36.5881,-121.8453,50.3m,2,21,452R,611R,220Q
CA MONTEREY PENINSUL AP,USW00023259,36.5881,-121.8453,50.3m,2,22,453R,611R,234Q
CA MONTEREY PENINSUL AP,USW00023259,36.5881,-121.8453,50.3m,2,23,453R,611R,247Q
CA MONTEREY PENINSUL AP,USW00023259,36.5881,-121.8453,50.3m,2,24,454R,611R,260Q
CA MONTEREY PENINSUL AP,USW00023259,36.5881,-121.8453,50.3m,2,25,454R,611R,272Q
CA MONTEREY PENINSUL AP,USW00023259,36.5881,-121.8453,50.3m,2,26,454R,611R,284Q
CA MONTEREY PENINSUL AP,USW00023259,36.5881,-121.8453,50.3m,2,27,455R,611R,296Q
CA MONTEREY PENINSUL AP,USW00023259,36.5881,-121.8453,50.3m,2,28,455R,611R,307Q
CA MONTEREY PENINSUL AP,USW00023259,36.5881,-121.8453,50.3m,2,29,455R,611R,-9999
CA MONTEREY PENINSUL AP,USW00023259,36.5881,-121.8453,50.3m,2,30,-8888,-8888,-8888
CA MONTEREY PENINSUL AP,USW00023259,36.5881,-121.8453,50.3m,2,31,-8888,-8888,-8888
CA MONTEREY PENINSUL AP,USW00023259,36.5881,-121.8453,50.3m,3,1,455R,611R,14Q
CA MONTEREY PENINSUL AP,USW00023259,36.5881,-121.8453,50.3m,3,2,456R,611R,27Q
CA MONTEREY PENINSUL AP,USW00023259,36.5881,-121.8453,50.3m,3,3,456R,610R,40Q
CA MONTEREY PENINSUL AP,USW00023259,36.5881,-121.8453,50.3m,3,4,456R,610R,51Q
CA MONTEREY PENINSUL AP,USW00023259,36.5881,-121.8453,50.3m,3,5,456R,610R,63Q
CA MONTEREY PENINSUL AP,USW00023259,36.5881,-121.8453,50.3m,3,6,456R,610R,73Q
CA MONTEREY PENINSUL AP,USW00023259,36.5881,-121.8453,50.3m,3,7,456R,609R,84Q
CA MONTEREY PENINSUL AP,USW00023259,36.5881,-121.8453,50.3m,3,8,456R,609R,96Q
CA MONTEREY PENINSUL AP,USW00023259,36.5881,-121.8453,50.3m,3,9,456R,609R,107Q
CA MONTEREY PENINSUL AP,USW00023259,36.5881,-121.8453,50.3m,3,10,456R,608R,118Q
CA MONTEREY PENINSUL AP,USW00023259,36.5881,-121.8453,50.3m,3,11,456R,608R,128Q
CA MONTEREY PENINSUL AP,USW00023259,36.5881,-121.8453,50.3m,3,12,456R,608R,138Q
CA MONTEREY PENINSUL AP,USW00023259,36.5881,-121.8453,50.3m,3,13,456R,607R,147Q
CA MONTEREY PENINSUL AP,USW00023259,36.5881,-121.8453,50.3m,3,14,456R,607R,156Q
CA MONTEREY PENINSUL AP,USW00023259,36.5881,-121.8453,50.3m,3,15,456R,607R,165Q
CA MONTEREY PENINSUL AP,USW00023259,36.5881,-121.8453,50.3m,3,16,456R,606R,173Q
CA MONTEREY PENINSUL AP,USW00023259,36.5881,-121.8453,50.3m,3,17,456R,606R,181Q
CA MONTEREY PENINSUL AP,USW00023259,36.5881,-121.8453,50.3m,3,18,456R,606R,188Q
CA MONTEREY PENINSUL AP,USW00023259,36.5881,-121.8453,50.3m,3,19,456R,605R,193Q
CA MONTEREY PENINSUL AP,USW00023259,36.5881,-121.8453,50.3m,3,20,456R,605R,199Q
CA MONTEREY PENINSUL AP,USW00023259,36.5881,-121.8453,50.3m,3,21,456R,605R,205Q
CA MONTEREY PENINSUL AP,USW00023259,36.5881,-121.8453,50.3m,3,22,456R,605R,211Q
CA MONTEREY PENINSUL AP,USW00023259,36.5881,-121.8453,50.3m,3,23,456R,605R,217Q
CA MONTEREY PENINSUL AP,USW00023259,36.5881,-121.8453,50.3m,3,24,456R,605R,224Q
CA MONTEREY PENINSUL AP,USW00023259,36.5881,-121.8453,50.3m,3,25,456R,605R,231Q
CA MONTEREY PENINSUL AP,USW00023259,36.5881,-121.8453,50.3m,3,26,456R,605R,238Q
CA MONTEREY PENINSUL AP,USW00023259,36.5881,-121.8453,50.3m,3,27,456R,605R,245Q
CA MONTEREY PENINSUL AP,USW00023259,36.5881,-121.8453,50.3m,3,28,456R,605R,253Q
CA MONTEREY PENINSUL AP,USW00023259,36.5881,-121.8453,50.3m,3,29,456R,605R,261Q
CA MONTEREY PENINSUL AP,USW00023259,36.5881,-121.8453,50.3m,3,30,457R,605R,269Q
CA MONTEREY PENINSUL AP,USW00023259,36.5881,-121.8453,50.3m,3,31,457R,606R,276Q
CA MONTEREY PENINSUL AP,USW00023259,36.5881,-121.8453,50.3m,4,1,457R,606R,4Q
CA MONTEREY PENINSUL AP,USW00023259,36.5881,-121.8453,50.3m,4,2,458R,606R,9Q
CA MONTEREY PENINSUL AP,USW00023259,36.5881,-121.8453,50.3m,4,3,458R,607R,13Q
CA MONTEREY PENINSUL AP,USW00023259,36.5881,-121.8453,50.3m,4,4,459R,607R,17Q
CA MONTEREY PENINSUL AP,USW00023259,36.5881,-121.8453,50.3m,4,5,459R,607R,22Q
CA MONTEREY PENINSUL AP,USW00023259,36.5881,-121.8453,50.3m,4,6,460R,608R,25Q
CA MONTEREY PENINSUL AP,USW00023259,36.5881,-121.8453,50.3m,4,7,461R,608R,29Q
CA MONTEREY PENINSUL AP,USW00023259,36.5881,-121.8453,50.3m,4,8,461R,609R,33Q
CA MONTEREY PENINSUL AP,USW00023259,36.5881,-121.8453,50.3m,4,9,462R,610R,38Q
CA MONTEREY PENINSUL AP,USW00023259,36.5881,-121.8453,50.3m,4,10,463R,610R,42Q
CA MONTEREY PENINSUL AP,USW00023259,36.5881,-121.8453,50.3m,4,11,464R,611R,46Q
CA MONTEREY PENINSUL AP,USW00023259,36.5881,-121.8453,50.3m,4,12,465R,611R,50Q
CA MONTEREY PENINSUL AP,USW00023259,36.5881,-121.8453,50.3m,4,13,465R,612R,54Q
CA MONTEREY PENINSUL AP,USW00023259,36.5881,-121.8453,50.3m,4,14,466R,613R,58Q
CA MONTEREY PENINSUL AP,USW00023259,36.5881,-121.8453,50.3m,4,15,467R,613R,62Q
CA MONTEREY PENINSUL AP,USW00023259,36.5881,-121.8453,50.3m,4,16,468R,614R,67Q
CA MONTEREY PENINSUL AP,USW00023259,36.5881,-121.8453,50.3m,4,17,469R,615R,71Q
CA MONTEREY PENINSUL AP,USW00023259,36.5881,-121.8453,50.3m,4,18,471R,615R,75Q
CA MONTEREY PENINSUL AP,USW00023259,36.5881,-121.8453,50.3m,4,19,472R,616R,79Q
CA MONTEREY PENINSUL AP,USW00023259,36.5881,-121.8453,50.3m,4,20,473R,617R,82Q
CA MONTEREY PENINSUL AP,USW00023259,36.5881,-121.8453,50.3m,4,21,474R,617R,86Q
CA MONTEREY PENINSUL AP,USW00023259,36.5881,-121.8453,50.3m,4,22,475R,618R,89Q
CA MONTEREY PENINSUL AP,USW00023259,36.5881,-121.8453,50.3m,4,23,476R,619R,92Q
CA MONTEREY PENINSUL AP,USW00023259,36.5881,-121.8453,50.3m,4,24,477R,619R,96Q
CA MONTEREY PENINSUL AP,USW00023259,36.5881,-121.8453,50.3m,4,25,479R,620R,99Q
CA MONTEREY PENINSUL AP,USW00023259,36.5881,-121.8453,50.3m,4,26,480R,621R,102Q
CA MONTEREY PENINSUL AP,USW00023259,36.5881,-121.8453,50.3m,4,27,481R,621R,104Q
CA MONTEREY PENINSUL AP,USW00023259,36.5881,-121.8453,50.3m,4,28,482R,622R,107Q
CA MONTEREY PENINSUL AP,USW00023259,36.5881,-121.8453,50.3m,4,29,483R,623R,109Q
CA MONTEREY PENINSUL AP,USW00023259,36.5881,-121.8453,50.3m,4,30,484R,623R,112Q
CA MONTEREY PENINSUL AP,USW00023259,36.5881,-121.8453,50.3m,4,31,-8888,-8888,-8888
CA MONTEREY PENINSUL AP,USW00023259,36.5881,-121.8453,50.3m,5,1,485R,624R,4Q
CA MONTEREY PENINSUL AP,USW00023259,36.5881,-121.8453,50.3m,5,2,487R,624R,7Q
CA MONTEREY PENINSUL AP,USW00023259,36.5881,-121.8453,50.3m,5,3,488R,625R,11Q
CA MONTEREY PENINSUL AP,USW00023259,36.5881,-121.8453,50.3m,5,4,489R,626R,14Q
CA MONTEREY PENINSUL AP,USW00023259,36.5881,-121.8453,50.3m,5,5,490R,626R,16Q
CA MONTEREY PENINSUL AP,USW00023259,36.5881,-121.8453,50.3m,5,6,491R,627R,19Q
CA MONTEREY PENINSUL AP,USW00023259,36.5881,-121.8453,50.3m,5,7,492R,627R,21Q
CA MONTEREY PENINSUL AP,USW00023259,36.5881,-121.8453,50.3m,5,8,493R,628R,24Q
CA MONTEREY PENINSUL AP,USW00023259,36.5881,-121.8453,50.3m,5,9,494R,629R,26Q
CA MONTEREY PENINSUL AP,USW00023259,36.5881,-121.8453,50.3m,5,10,495R,629R,28Q
CA MONTEREY PENINSUL AP,USW00023259,36.5881,-121.8453,50.3m,5,11,496R,630R,30Q
CA MONTEREY PENINSUL AP,USW00023259,36.5881,-121.8453,50.3m,5,12,497R,631R,32Q
CA MONTEREY PENINSUL AP,USW00023259,36.5881,-121.8453,50.3m,5,13,497R,631R,34Q
CA MONTEREY PENINSUL AP,USW00023259,36.5881,-121.8453,50.3m,5,14,498R,632R,36Q
CA MONTEREY PENINSUL AP,USW00023259,36.5881,-121.8453,50.3m,5,15,499R,633R,37Q
CA MONTEREY PENINSUL AP,USW00023259,36.5881,-121.8453,50.3m,5,16,500R,634R,39Q
CA MONTEREY PENINSUL AP,USW00023259,36.5881,-121.8453,50.3m,5,17,501R,635R,40Q
CA MONTEREY PENINSUL AP,USW00023259,36.5881,-121.8453,50.3m,5,18,501R,636R,41Q
CA MONTEREY PENINSUL AP,USW00023259,36.5881,-121.8453,50.3m,5,19,502R,636R,42Q
CA MONTEREY PENINSUL AP,USW00023259,36.5881,-121.8453,50.3m,5,20,503R,637R,43Q
CA MONTEREY PENINSUL AP,USW00023259,36.5881,-121.8453,50.3m,5,21,503R,638R,44Q
CA MONTEREY PENINSUL AP,USW00023259,36.5881,-121.8453,50.3m,5,22,504R,639R,45Q
CA MONTEREY PENINSUL AP,USW00023259,36.5881,-121.8453,50.3m,5,23,505R,641R,45Q
CA MONTEREY PENINSUL AP,USW00023259,36.5881,-121.8453,50.3m,5,24,505R,642R,46Q
CA MONTEREY PENINSUL AP,USW00023259,36.5881,-121.8453,50.3m,5,25,506R,643R,46Q
CA MONTEREY PENINSUL AP,USW00023259,36.5881,-121.8453,50.3m,5,26,507R,644R,47Q
CA MONTEREY PENINSUL AP,USW00023259,36.5881,-121.8453,50.3m,5,27,507R,645R,47Q
CA MONTEREY PENINSUL AP,USW00023259,36.5881,-121.8453,50.3m,5,28,508R,646R,48Q
CA MONTEREY PENINSUL AP,USW00023259,36.5881,-121.8453,50.3m,5,29,509R,648R,49Q
CA MONTEREY PENINSUL AP,USW00023259,36.5881,-121.8453,50.3m,5,30,509R,649R,49Q
CA MONTEREY PENINSUL AP,USW00023259,36.5881,-121.8453,50.3m,5,31,510R,650R,50Q
CA MONTEREY PENINSUL AP,USW00023259,36.5881,-121.8453,50.3m,6,1,510R,652R,1Q
CA MONTEREY PENINSUL AP,USW00023259,36.5881,-121.8453,50.3m,6,2,511R,653R,2Q
CA MONTEREY PENINSUL AP,USW00023259,36.5881,-121.8453,50.3m,6,3,512R,654R,3Q
CA MONTEREY PENINSUL AP,USW00023259,36.5881,-121.8453,50.3m,6,4,512R,656R,4Q
CA MONTEREY PENINSUL AP,USW00023259,36.5881,-121.8453,50.3m,6,5,513R,657R,4Q
CA MONTEREY PENINSUL AP,USW00023259,36.5881,-121.8453,50.3m,6,6,514R,658R,4Q
CA MONTEREY PENINSUL AP,USW00023259,36.5881,-121.8453,50.3m,6,7,514R,660R,5Q
CA MONTEREY PENINSUL AP,USW00023259,36.5881,-121.8453,50.3m,6,8,515R,661R,5Q
CA MONTEREY PENINSUL AP,USW00023259,36.5881,-121.8453,50.3m,6,9,516R,662R,5Q
CA MONTEREY PENINSUL AP,USW00023259,36.5881,-121.8453,50.3m,6,10,516R,663R,5Q
CA MONTEREY PENINSUL AP,USW00023259,36.5881,-121.8453,50.3m,6,11,517R,664R,6Q
CA MONTEREY PENINSUL AP,USW00023259,36.5881,-121.8453,50.3m,6,12,518R,666R,6Q
CA MONTEREY PENINSUL AP,USW00023259,36.5881,-121.8453,50.3m,6,13,518R,667R,6Q
CA MONTEREY PENINSUL AP,USW00023259,36.5881,-121.8453,50.3m,6,14,519R,668R,7Q
CA MONTEREY PENINSUL AP,USW00023259,36.5881,-121.8453,50.3m,6,15,520R,669R,7Q
CA MONTEREY PENINSUL AP,USW00023259,36.5881,-121.8453,50.3m,6,16,520R,670R,7Q
CA MONTEREY PENINSUL AP,USW00023259,36.5881,-121.8453,50.3m,6,17,521R,670R,8Q
CA MONTEREY PENINSUL AP,USW00023259,36.5881,-121.8453,50.3m,6,18,522R,671R,8Q
CA MONTEREY PENINSUL AP,USW00023259,36.5881,-121.8453,50.3m,6,19,522R,672R,8Q
CA MONTEREY PENINSUL AP,USW00023259,36.5881,-121.8453,50.3m,6,20,523R,673R,9Q
CA MONTEREY PENINSUL AP,USW00023259,36.5881,-121.8453,50.3m,6,21,524R,673R,9Q
CA MONTEREY PENINSUL AP,USW00023259,36.5881,-121.8453,50.3m,6,22,524R,674R,9Q
CA MONTEREY PENINSUL AP,USW00023259,36.5881,-121.8453,50.3m,6,23,525R,674R,9Q
CA MONTEREY PENINSUL AP,USW00023259,36.5881,-121.8453,50.3m,6,24,526R,674R,10Q
CA MONTEREY PENINSUL AP,USW00023259,36.5881,-121.8453,50.3m,6,25,526R,675R,10Q
CA MONTEREY PENINSUL AP,USW00023259,36.5881,-121.8453,50.3m,6,26,527R,675R,10Q
CA MONTEREY PENINSUL AP,USW00023259,36.5881,-121.8453,50.3m,6,27,528R,675R,10Q
CA MONTEREY PENINSUL AP,USW00023259,36.5881,-121.8453,50.3m,6,28,528R,675R,10Q
CA MONTEREY PENINSUL AP,USW00023259,36.5881,-121.8453,50.3m,6,29,529R,675R,10Q
CA MONTEREY PENINSUL AP,USW00023259,36.5881,-121.8453,50.3m,6,30,529R,675R,10Q
CA MONTEREY PENINSUL AP,USW00023259,36.5881,-121.8453,50.3m,6,31,-8888,-8888,-8888
CA MONTEREY PENINSUL AP,USW00023259,36.5881,-121.8453,50.3m,7,1,530R,675R,0Q
CA MONTEREY PENINSUL AP,USW00023259,36.5881,-121.8453,50.3m,7,2,531R,675R,0Q
CA MONTEREY PENINSUL AP,USW00023259,36.5881,-121.8453,50.3m,7,3,531R,675R,0Q
CA MONTEREY PENINSUL AP,USW00023259,36.5881,-121.8453,50.3m,7,4,532R,674R,0Q
CA MONTEREY PENINSUL AP,USW00023259,36.5881,-121.8453,50.3m,7,5,532R,674R,0Q
CA MONTEREY PENINSUL AP,USW00023259,36.5881,-121.8453,50.3m,7,6,533R,674R,0Q
CA MONTEREY PENINSUL AP,USW00023259,36.5881,-121.8453,50.3m,7,7,533R,674R,0Q
CA MONTEREY PENINSUL AP,USW00023259,36.5881,-121.8453,50.3m,7,8,534R,673R,0Q
CA MONTEREY PENINSUL AP,USW00023259,36.5881,-121.8453,50.3m,7,9,534R,673R,0Q
CA MONTEREY PENINSUL AP,USW00023259,36.5881,-121.8453,50.3m,7,10,534R,672R,0Q
CA MONTEREY PENINSUL AP,USW00023259,36.5881,-121.8453,50.3m,7,11,535R,672R,0Q
CA MONTEREY PENINSUL AP,USW00023259,36.5881,-121.8453,50.3m,7,12,535R,672R,0Q
CA MONTEREY PENINSUL AP,USW00023259,36.5881,-121.8453,50.3m,7,13,536R,671R,0Q
CA MONTEREY PENINSUL AP,USW00023259,36.5881,-121.8453,50.3m,7,14,536R,671R,0Q
CA MONTEREY PENINSUL AP,USW00023259,36.5881,-121.8453,50.3m,7,15,536R,671R,0Q
CA MONTEREY PENINSUL AP,USW00023259,36.5881,-121.8453,50.3m,7,16,537R,671R,0Q
CA MONTEREY PENINSUL AP,USW00023259,36.5881,-121.8453,50.3m,7,17,537R,670R,1Q
CA MONTEREY PENINSUL AP,USW00023259,36.5881,-121.8453,50.3m,7,18,537R,670R,1Q
CA MONTEREY PENINSUL AP,USW00023259,36.5881,-121.8453,50.3m,7,19,537R,670R,1Q
CA MONTEREY PENINSUL AP,USW00023259,36.5881,-121.8453,50.3m,7,20,538R,670R,1Q
CA MONTEREY PENINSUL AP,USW00023259,36.5881,-121.8453,50.3m,7,21,538R,670R,1Q
CA MONTEREY PENINSUL AP,USW00023259,36.5881,-121.8453,50.3m,7,22,538R,670R,1Q
CA MONTEREY PENINSUL AP,USW00023259,36.5881,-121.8453,50.3m,7,23,538R,670R,1Q
CA MONTEREY PENINSUL AP,USW00023259,36.5881,-121.8453,50.3m,7,24,539R,670R,1Q
CA MONTEREY PENINSUL AP,USW00023259,36.5881,-121.8453,50.3m,7,25,539R,671R,1Q
CA MONTEREY PENINSUL AP,USW00023259,36.5881,-121.8453,50.3m,7,26,539R,671R,1Q
CA MONTEREY PENINSUL AP,USW00023259,36.5881,-121.8453,50.3m,7,27,539R,671R,1Q
CA MONTEREY PENINSUL AP,USW00023259,36.5881,-121.8453,50.3m,7,28,540R,672R,1Q
CA MONTEREY PENINSUL AP,USW00023259,36.5881,-121.8453,50.3m,7,29,540R,672R,1Q
CA MONTEREY PENINSUL AP,USW00023259,36.5881,-121.8453,50.3m,7,30,540R,673R,1Q
CA MONTEREY PENINSUL AP,USW00023259,36.5881,-121.8453,50.3m,7,31,540R,674R,1Q
CA MONTEREY PENINSUL AP,USW00023259,36.5881,-121.8453,50.3m,8,1,540R,674R,0Q
CA MONTEREY PENINSUL AP,USW00023259,36.5881,-121.8453,50.3m,8,2,541R,675R,0Q
CA MONTEREY PENINSUL AP,USW00023259,36.5881,-121.8453,50.3m,8,3,541R,676R,0Q
CA MONTEREY PENINSUL AP,USW00023259,36.5881,-121.8453,50.3m,8,4,541R,677R,0Q
CA MONTEREY PENINSUL AP,USW00023259,36.5881,-121.8453,50.3m,8,5,541R,678R,0Q
CA MONTEREY PENINSUL AP,USW00023259,36.5881,-121.8453,50.3m,8,6,541R,679R,1Q
CA MONTEREY PENINSUL AP,USW00023259,36.5881,-121.8453,50.3m,8,7,541R,680R,1Q
CA MONTEREY PENINSUL AP,USW00023259,36.5881,-121.8453,50.3m,8,8,542R,681R,1Q
CA MONTEREY PENINSUL AP,USW00023259,36.5881,-121.8453,50.3m,8,9,542R,682R,1Q
CA MONTEREY PENINSUL AP,USW00023259,36.5881,-121.8453,50.3m,8,10,542R,683R,1Q
CA MONTEREY PENINSUL AP,USW00023259,36.5881,-121.8453,50.3m,8,11,542R,685R,1Q
CA MONTEREY PENINSUL AP,USW00023259,36.5881,-121.8453,50.3m,8,12,542R,686R,1Q
CA MONTEREY PENINSUL AP,USW00023259,36.5881,-121.8453,50.3m,8,13,542R,687R,1Q
CA MONTEREY PENINSUL AP,USW00023259,36.5881,-121.8453,50.3m,8,14,543R,688R,2Q
CA MONTEREY PENINSUL AP,USW00023259,36.5881,-121.8453,50.3m,8,15,543R,689R,2Q
CA MONTEREY PENINSUL AP,USW00023259,36.5881,-121.8453,50.3m,8,16,543R,690R,2Q
CA MONTEREY PENINSUL AP,USW00023259,36.5881,-121.8453,50.3m,8,17,543R,691R,2Q
CA MONTEREY PENINSUL AP,USW00023259,36.5881,-121.8453,50.3m,8,18,543R,692R,2Q
CA MONTEREY PENINSUL AP,USW00023259,36.5881,-121.8453,50.3m,8,19,543R,693R,2Q
CA MONTEREY PENINSUL AP,USW00023259,36.5881,-121.8453,50.3m,8,20,543R,694R,2Q
CA MONTEREY PENINSUL AP,USW00023259,36.5881,-121.8453,50.3m,8,21,543R,695R,3Q
CA MONTEREY PENINSUL AP,USW00023259,36.5881,-121.8453,50.3m,8,22,543R,696R,3Q
CA MONTEREY PENINSUL AP,USW00023259,36.5881,-121.8453,50.3m,8,23,543R,697R,3Q
CA MONTEREY PENINSUL AP,USW00023259,36.5881,-121.8453,50.3m,8,24,543R,697R,3Q
CA MONTEREY PENINSUL AP,USW00023259,36.5881,-121.8453,50.3m,8,25,543R,698R,3Q
CA MONTEREY PENINSUL AP,USW00023259,36.5881,-121.8453,50.3m,8,26,542R,698R,3Q
CA MONTEREY PENINSUL AP,USW00023259,36.5881,-121.8453,50.3m,8,27,542R,699R,3Q
CA MONTEREY PENINSUL AP,USW00023259,36.5881,-121.8453,50.3m,8,28,542R,699R,4Q
CA MONTEREY PENINSUL AP,USW00023259,36.5881,-121.8453,50.3m,8,29,542R,700R,4Q
CA MONTEREY PENINSUL AP,USW00023259,36.5881,-121.8453,50.3m,8,30,541R,700R,4Q
CA MONTEREY PENINSUL AP,USW00023259,36.5881,-121.8453,50.3m,8,31,541R,700R,4Q
CA MONTEREY PENINSUL AP,USW00023259,36.5881,-121.8453,50.3m,9,1,541R,700R,0Q
CA MONTEREY PENINSUL AP,USW00023259,36.5881,-121.8453,50.3m,9,2,540R,700R,0Q
CA MONTEREY PENINSUL AP,USW00023259,36.5881,-121.8453,50.3m,9,3,540R,700R,0Q
CA MONTEREY PENINSUL AP,USW00023259,36.5881,-121.8453,50.3m,9,4,539R,700R,0Q
CA MONTEREY PENINSUL AP,USW00023259,36.5881,-121.8453,50.3m,9,5,539R,700R,1Q
CA MONTEREY PENINSUL AP,USW00023259,36.5881,-121.8453,50.3m,9,6,538R,699R,1Q
CA MONTEREY PENINSUL AP,USW00023259,36.5881,-121.8453,50.3m,9,7,538R,699R,1Q
CA MONTEREY PENINSUL AP,USW00023259,36.5881,-121.8453,50.3m,9,8,537R,699R,2Q
CA MONTEREY PENINSUL AP,USW00023259,36.5881,-121.8453,50.3m,9,9,537R,698R,2Q
CA MONTEREY PENINSUL AP,USW00023259,36.5881,-121.8453,50.3m,9,10,536R,698R,3Q
CA MONTEREY PENINSUL AP,USW00023259,36.5881,-121.8453,50.3m,9,11,535R,697R,3Q
CA MONTEREY PENINSUL AP,USW00023259,36.5881,-121.8453,50.3m,9,12,535R,696R,4Q
CA MONTEREY PENINSUL AP,USW00023259,36.5881,-121.8453,50.3m,9,13,534R,696R,4Q
CA MONTEREY PENINSUL AP,USW00023259,36.5881,-121.8453,50.3m,9,14,533R,695R,5Q
CA MONTEREY PENINSUL AP,USW00023259,36.5881,-121.8453,50.3m,9,15,532R,694R,5Q
CA MONTEREY PENINSUL AP,USW00023259,36.5881,-121.8453,50.3m,9,16,531R,693R,6Q
CA MONTEREY PENINSUL AP,USW00023259,36.5881,-121.8453,50.3m,9,17,531R,693R,7Q
CA MONTEREY PENINSUL AP,USW00023259,36.5881,-121.8453,50.3m,9,18,530R,692R,7Q
CA MONTEREY PENINSUL AP,USW00023259,36.5881,-121.8453,50.3m,9,19,529R,691R,8Q
CA MONTEREY PENINSUL AP,USW00023259,36.5881,-121.8453,50.3m,9,20,528R,690R,8Q
CA MONTEREY PENINSUL AP,USW00023259,36.5881,-121.8453,50.3m,9,21,527R,690R,9Q
CA MONTEREY PENINSUL AP,USW00023259,36.5881,-121.8453,50.3m,9,22,526R,689R,10Q
CA MONTEREY PENINSUL AP,USW00023259,36.5881,-121.8453,50.3m,9,23,525R,688R,10Q
CA MONTEREY PENINSUL AP,USW00023259,36.5881,-121.8453,50.3m,9,24,524R,687R,11Q
CA MONTEREY PENINSUL AP,USW00023259,36.5881,-121.8453,50.3m,9,25,523R,686R,12Q
CA MONTEREY PENINSUL AP,USW00023259,36.5881,-121.8453,50.3m,9,26,522R,686R,13Q
CA MONTEREY PENINSUL AP,USW00023259,36.5881,-121.8453,50.3m,9,27,521R,685R,15Q
CA MONTEREY PENINSUL AP,USW00023259,36.5881,-121.8453,50.3m,9,28,520R,684R,17Q
CA MONTEREY PENINSUL AP,USW00023259,36.5881,-121.8453,50.3m,9,29,519R,683R,18Q
CA MONTEREY PENINSUL AP,USW00023259,36.5881,-121.8453,50.3m,9,30,518R,683R,20Q
CA MONTEREY PENINSUL AP,USW00023259,36.5881,-121.8453,50.3m,9,31,-8888,-8888,-8888
CA MONTEREY PENINSUL AP,USW00023259,36.5881,-121.8453,50.3m,10,1,517R,682R,1Q
CA MONTEREY PENINSUL AP,USW00023259,36.5881,-121.8453,50.3m,10,2,516R,681R,2Q
CA MONTEREY PENINSUL AP,USW00023259,36.5881,-121.8453,50.3m,10,3,515R,681R,3Q
CA MONTEREY PENINSUL AP,USW00023259,36.5881,-121.8453,50.3m,10,4,514R,680R,5Q
CA MONTEREY PENINSUL AP,USW00023259,36.5881,-121.8453,50.3m,10,5,513R,679R,7Q
CA MONTEREY PENINSUL AP,USW00023259,36.5881,-121.8453,50.3m,10,6,512R,679R,9Q
CA MONTEREY PENINSUL AP,USW00023259,36.5881,-121.8453,50.3m,10,7,511R,678R,11Q
CA MONTEREY PENINSUL AP,USW00023259,36.5881,-121.8453,50.3m,10,8,510R,678R,13Q
CA MONTEREY PENINSUL AP,USW00023259,36.5881,-121.8453,50.3m,10,9,509R,677R,15Q
CA MONTEREY PENINSUL AP,USW00023259,36.5881,-121.8453,50.3m,10,10,508R,676R,17Q
CA MONTEREY PENINSUL AP,USW00023259,36.5881,-121.8453,50.3m,10,11,507R,676R,19Q
CA MONTEREY PENINSUL AP,USW00023259,36.5881,-121.8453,50.3m,10,12,506R,675R,22Q
CA MONTEREY PENINSUL AP,USW00023259,36.5881,-121.8453,50.3m,10,13,505R,675R,24Q
CA MONTEREY PENINSUL AP,USW00023259,36.5881,-121.8453,50.3m,10,14,504R,674R,27Q
CA MONTEREY PENINSUL AP,USW00023259,36.5881,-121.8453,50.3m,10,15,503R,673R,29Q
CA MONTEREY PENINSUL AP,USW00023259,36.5881,-121.8453,50.3m,10,16,502R,673R,32Q
CA MONTEREY PENINSUL AP,USW00023259,36.5881,-121.8453,50.3m,10,17,500R,672R,35Q
CA MONTEREY PENINSUL AP,USW00023259,36.5881,-121.8453,50.3m,10,18,499R,671R,38Q
CA MONTEREY PENINSUL AP,USW00023259,36.5881,-121.8453,50.3m,10,19,498R,671R,41Q
CA MONTEREY PENINSUL AP,USW00023259,36.5881,-121.8453,50.3m,10,20,497R,670R,44Q
CA MONTEREY PENINSUL AP,USW00023259,36.5881,-121.8453,50.3m,10,21,496R,669R,47Q
CA MONTEREY PENINSUL AP,USW00023259,36.5881,-121.8453,50.3m,10,22,495R,668R,51Q
CA MONTEREY PENINSUL AP,USW00023259,36.5881,-121.8453,50.3m,10,23,493R,668R,54Q
CA MONTEREY PENINSUL AP,USW00023259,36.5881,-121.8453,50.3m,10,24,492R,667R,58Q
CA MONTEREY PENINSUL AP,USW00023259,36.5881,-121.8453,50.3m,10,25,491R,666R,62Q
CA MONTEREY PENINSUL AP,USW00023259,36.5881,-121.8453,50.3m,10,26,489R,665R,67Q
CA MONTEREY PENINSUL AP,USW00023259,36.5881,-121.8453,50.3m,10,27,488R,664R,72Q
CA MONTEREY PENINSUL AP,USW00023259,36.5881,-121.8453,50.3m,10,28,487R,663R,77Q
CA MONTEREY PENINSUL AP,USW00023259,36.5881,-121.8453,50.3m,10,29,485R,661R,82Q
CA MONTEREY PENINSUL AP,USW00023259,36.5881,-121.8453,50.3m,10,30,484R,660R,88Q
CA MONTEREY PENINSUL AP,USW00023259,36.5881,-121.8453,50.3m,10,31,483R,659R,93Q
CA MONTEREY PENINSUL AP,USW00023259,36.5881,-121.8453,50.3m,11,1,481R,658R,6Q
CA MONTEREY PENINSUL AP,USW00023259,36.5881,-121.8453,50.3m,11,2,480R,657R,12Q
CA MONTEREY PENINSUL AP,USW00023259,36.5881,-121.8453,50.3m,11,3,478R,655R,17Q
CA MONTEREY PENINSUL AP,USW00023259,36.5881,-121.8453,50.3m,11,4,477R,654R,22Q
CA MONTEREY PENINSUL AP,USW00023259,36.5881,-121.8453,50.3m,11,5,475R,653R,27Q
CA MONTEREY PENINSUL AP,USW00023259,36.5881,-121.8453,50.3m,11,6,473R,651R,33Q
CA MONTEREY PENINSUL AP,USW00023259,36.5881,-121.8453,50.3m,11,7,472R,650R,39Q
CA MONTEREY PENINSUL AP,USW00023259,36.5881,-121.8453,50.3m,11,8,470R,648R,44Q
CA MONTEREY PENINSUL AP,USW00023259,36.5881,-121.8453,50.3m,11,9,469R,647R,50Q
CA MONTEREY PENINSUL AP,USW00023259,36.5881,-121.8453,50.3m,11,10,467R,645R,56Q
CA MONTEREY PENINSUL AP,USW00023259,36.5881,-121.8453,50.3m,11,11,465R,644R,62Q
CA MONTEREY PENINSUL AP,USW00023259,36.5881,-121.8453,50.3m,11,12,464R,642R,68Q
CA MONTEREY PENINSUL AP,USW00023259,36.5881,-121.8453,50.3m,11,13,462R,641R,75Q
CA MONTEREY PENINSUL AP,USW00023259,36.5881,-121.8453,50.3m,11,14,460R,639R,81Q
CA MONTEREY PENINSUL AP,USW00023259,36.5881,-121.8453,50.3m,11,15,459R,637R,88Q
CA MONTEREY PENINSUL AP,USW00023259,36.5881,-121.8453,50.3m,11,16,457R,636R,94Q
CA MONTEREY PENINSUL AP,USW00023259,36.5881,-121.8453,50.3m,11,17,455R,634R,101Q
CA MONTEREY PENINSUL AP,USW00023259,36.5881,-121.8453,50.3m,11,18,454R,633R,108Q
CA MONTEREY PENINSUL AP,USW00023259,36.5881,-121.8453,50.3m,11,19,452R,631R,116Q
CA MONTEREY PENINSUL AP,USW00023259,36.5881,-121.8453,50.3m,11,20,450R,630R,123Q
CA MONTEREY PENINSUL AP,USW00023259,36.5881,-121.8453,50.3m,11,21,449R,629R,131Q
CA MONTEREY PENINSUL AP,USW00023259,36.5881,-121.8453,50.3m,11,22,447R,627R,137Q
CA MONTEREY PENINSUL AP,USW00023259,36.5881,-121.8453,50.3m,11,23,446R,626R,144Q
CA MONTEREY PENINSUL AP,USW00023259,36.5881,-121.8453,50.3m,11,24,444R,624R,150Q
CA MONTEREY PENINSUL AP,USW00023259,36.5881,-121.8453,50.3m,11,25,443R,623R,156Q
CA MONTEREY PENINSUL AP,USW00023259,36.5881,-121.8453,50.3m,11,26,441R,622R,163Q
CA MONTEREY PENINSUL AP,USW00023259,36.5881,-121.8453,50.3m,11,27,440R,621R,168Q
CA MONTEREY PENINSUL AP,USW00023259,36.5881,-121.8453,50.3m,11,28,438R,619R,174Q
CA MONTEREY PENINSUL AP,USW00023259,36.5881,-121.8453,50.3m,11,29,437R,618R,180Q
CA MONTEREY PENINSUL AP,USW00023259,36.5881,-121.8453,50.3m,11,30,436R,617R,188Q
CA MONTEREY PENINSUL AP,USW00023259,36.5881,-121.8453,50.3m,11,31,-8888,-8888,-8888
CA MONTEREY PENINSUL AP,USW00023259,36.5881,-121.8453,50.3m,12,1,434R,616R,4Q
CA MONTEREY PENINSUL AP,USW00023259,36.5881,-121.8453,50.3m,12,2,433R,615R,8Q
CA MONTEREY PENINSUL AP,USW00023259,36.5881,-121.8453,50.3m,12,3,432R,614R,12Q
CA MONTEREY PENINSUL AP,USW00023259,36.5881,-121.8453,50.3m,12,4,431R,613R,16Q
CA MONTEREY PENINSUL AP,USW00023259,36.5881,-121.8453,50.3m,12,5,430R,612R,21Q
CA MONTEREY PENINSUL AP,USW00023259,36.5881,-121.8453,50.3m,12,6,429R,611R,27Q
CA MONTEREY PENINSUL AP,USW00023259,36.5881,-121.8453,50.3m,12,7,428R,610R,32Q
CA MONTEREY PENINSUL AP,USW00023259,36.5881,-121.8453,50.3m,12,8,427R,610R,38Q
CA MONTEREY PENINSUL AP,USW00023259,36.5881,-121.8453,50.3m,12,9,426R,609R,43Q
CA MONTEREY PENINSUL AP,USW00023259,36.5881,-121.8453,50.3m,12,10,425R,608R,49Q
CA MONTEREY PENINSUL AP,USW00023259,36.5881,-121.8453,50.3m,12,11,424R,607R,55Q
CA MONTEREY PENINSUL AP,USW00023259,36.5881,-121.8453,50.3m,12,12,424R,607R,61Q
CA MONTEREY PENINSUL AP,USW00023259,36.5881,-121.8453,50.3m,12,13,423R,606R,67Q
CA MONTEREY PENINSUL AP,USW00023259,36.5881,-121.8453,50.3m,12,14,422R,605R,74Q
CA MONTEREY PENINSUL AP,USW00023259,36.5881,-121.8453,50.3m,12,15,422R,605R,82Q
CA MONTEREY PENINSUL AP,USW00023259,36.5881,-121.8453,50.3m,12,16,421R,604R,90Q
CA MONTEREY PENINSUL AP,USW00023259,36.5881,-121.8453,50.3m,12,17,421R,604R,98Q
CA MONTEREY PENINSUL AP,USW00023259,36.5881,-121.8453,50.3m,12,18,420R,603R,107Q
CA MONTEREY PENINSUL AP,USW00023259,36.5881,-121.8453,50.3m,12,19,420R,603R,117Q
CA MONTEREY PENINSUL AP,USW00023259,36.5881,-121.8453,50.3m,12,20,419R,602R,126Q
CA MONTEREY PENINSUL AP,USW00023259,36.5881,-121.8453,50.3m,12,21,419R,602R,136Q
CA MONTEREY PENINSUL AP,USW00023259,36.5881,-121.8453,50.3m,12,22,419R,601R,145Q
CA MONTEREY PENINSUL AP,USW00023259,36.5881,-121.8453,50.3m,12,23,419R,601R,154Q
CA MONTEREY PENINSUL AP,USW00023259,36.5881,-121.8453,50.3m,12,24,418R,600R,164Q
CA MONTEREY PENINSUL AP,USW00023259,36.5881,-121.8453,50.3m,12,25,418R,600R,173Q
CA MONTEREY PENINSUL AP,USW00023259,36.5881,-121.8453,50.3m,12,26,418R,599R,183Q
CA MONTEREY PENINSUL AP,USW00023259,36.5881,-121.8453,50.3m,12,27,418R,599R,194Q
CA MONTEREY PENINSUL AP,USW00023259,36.5881,-121.8453,50.3m,12,28,418R,598R,205Q
CA MONTEREY PENINSUL AP,USW00023259,36.5881,-121.8453,50.3m,12,29,418R,598R,215Q
CA MONTEREY PENINSUL AP,USW00023259,36.5881,-121.8453,50.3m,12,30,418R,597R,225Q
CA MONTEREY PENINSUL AP,USW00023259,36.5881,-121.8453,50.3m,12,31,418R,597R,234Q
