station_name,gchn_daily_id,latitude,longitude,elevation(m),month,day,temp_min,temp_max,precipitation_mtd
IN LAKE VILLAGE 7SE,USC00124778,41.0856,-87.3828,205.7,1,1,null,null,8Q
IN LAKE VILLAGE 7SE,USC00124778,41.0856,-87.3828,205.7,1,2,null,null,17Q
IN LAKE VILLAGE 7SE,USC00124778,41.0856,-87.3828,205.7,1,3,null,null,25Q
IN LAKE VILLAGE 7SE,USC00124778,41.0856,-87.3828,205.7,1,4,null,null,34Q
IN LAKE VILLAGE 7SE,USC00124778,41.0856,-87.3828,205.7,1,5,null,null,42Q
IN LAKE VILLAGE 7SE,USC00124778,41.0856,-87.3828,205.7,1,6,null,null,50Q
IN LAKE VILLAGE 7SE,USC00124778,41.0856,-87.3828,205.7,1,7,null,null,58Q
IN LAKE VILLAGE 7SE,USC00124778,41.0856,-87.3828,205.7,1,8,null,null,66Q
IN LAKE VILLAGE 7SE,USC00124778,41.0856,-87.3828,205.7,1,9,null,null,74Q
IN LAKE VILLAGE 7SE,USC00124778,41.0856,-87.3828,205.7,1,10,null,null,82Q
IN LAKE VILLAGE 7SE,USC00124778,41.0856,-87.3828,205.7,1,11,null,null,90Q
IN LAKE VILLAGE 7SE,USC00124778,41.0856,-87.3828,205.7,1,12,null,null,98Q
IN LAKE VILLAGE 7SE,USC00124778,41.0856,-87.3828,205.7,1,13,null,null,105Q
IN LAKE VILLAGE 7SE,USC00124778,41.0856,-87.3828,205.7,1,14,null,null,113Q
IN LAKE VILLAGE 7SE,USC00124778,41.0856,-87.3828,205.7,1,15,null,null,121Q
IN LAKE VILLAGE 7SE,USC00124778,41.0856,-87.3828,205.7,1,16,null,null,128Q
IN LAKE VILLAGE 7SE,USC00124778,41.0856,-87.3828,205.7,1,17,null,null,136Q
IN LAKE VILLAGE 7SE,USC00124778,41.0856,-87.3828,205.7,1,18,null,null,143Q
IN LAKE VILLAGE 7SE,USC00124778,41.0856,-87.3828,205.7,1,19,null,null,150Q
IN LAKE VILLAGE 7SE,USC00124778,41.0856,-87.3828,205.7,1,20,null,null,156Q
IN LAKE VILLAGE 7SE,USC00124778,41.0856,-87.3828,205.7,1,21,null,null,162Q
IN LAKE VILLAGE 7SE,USC00124778,41.0856,-87.3828,205.7,1,22,null,null,168Q
IN LAKE VILLAGE 7SE,USC00124778,41.0856,-87.3828,205.7,1,23,null,null,174Q
IN LAKE VILLAGE 7SE,USC00124778,41.0856,-87.3828,205.7,1,24,null,null,180Q
IN LAKE VILLAGE 7SE,USC00124778,41.0856,-87.3828,205.7,1,25,null,null,186Q
IN LAKE VILLAGE 7SE,USC00124778,41.0856,-87.3828,205.7,1,26,null,null,192Q
IN LAKE VILLAGE 7SE,USC00124778,41.0856,-87.3828,205.7,1,27,null,null,198Q
IN LAKE VILLAGE 7SE,USC00124778,41.0856,-87.3828,205.7,1,28,null,null,203Q
IN LAKE VILLAGE 7SE,USC00124778,41.0856,-87.3828,205.7,1,29,null,null,208Q
IN LAKE VILLAGE 7SE,USC00124778,41.0856,-87.3828,205.7,1,30,null,null,212Q
IN LAKE VILLAGE 7SE,USC00124778,41.0856,-87.3828,205.7,1,31,null,null,217Q
IN LAKE VILLAGE 7SE,USC00124778,41.0856,-87.3828,205.7,2,1,null,null,6Q
IN LAKE VILLAGE 7SE,USC00124778,41.0856,-87.3828,205.7,2,2,null,null,12Q
IN LAKE VILLAGE 7SE,USC00124778,41.0856,-87.3828,205.7,2,3,null,null,19Q
IN LAKE VILLAGE 7SE,USC00124778,41.0856,-87.3828,205.7,2,4,null,null,25Q
IN LAKE VILLAGE 7SE,USC00124778,41.0856,-87.3828,205.7,2,5,null,null,31Q
IN LAKE VILLAGE 7SE,USC00124778,41.0856,-87.3828,205.7,2,6,null,null,37Q
IN LAKE VILLAGE 7SE,USC00124778,41.0856,-87.3828,205.7,2,7,null,null,43Q
IN LAKE VILLAGE 7SE,USC00124778,41.0856,-87.3828,205.7,2,8,null,null,49Q
IN LAKE VILLAGE 7SE,USC00124778,41.0856,-87.3828,205.7,2,9,null,null,56Q
IN LAKE VILLAGE 7SE,USC00124778,41.0856,-87.3828,205.7,2,10,null,null,62Q
IN LAKE VILLAGE 7SE,USC00124778,41.0856,-87.3828,205.7,2,11,null,null,68Q
IN LAKE VILLAGE 7SE,USC00124778,41.0856,-87.3828,205.7,2,12,null,null,75Q
IN LAKE VILLAGE 7SE,USC00124778,41.0856,-87.3828,205.7,2,13,null,null,81Q
IN LAKE VILLAGE 7SE,USC00124778,41.0856,-87.3828,205.7,2,14,null,null,88Q
IN LAKE VILLAGE 7SE,USC00124778,41.0856,-87.3828,205.7,2,15,null,null,94Q
IN LAKE VILLAGE 7SE,USC00124778,41.0856,-87.3828,205.7,2,16,null,null,101Q
IN LAKE VILLAGE 7SE,USC00124778,41.0856,-87.3828,205.7,2,17,null,null,107Q
IN LAKE VILLAGE 7SE,USC00124778,41.0856,-87.3828,205.7,2,18,null,null,114Q
IN LAKE VILLAGE 7SE,USC00124778,41.0856,-87.3828,205.7,2,19,null,null,120Q
IN LAKE VILLAGE 7SE,USC00124778,41.0856,-87.3828,205.7,2,20,null,null,127Q
IN LAKE VILLAGE 7SE,USC00124778,41.0856,-87.3828,205.7,2,21,null,null,133Q
IN LAKE VILLAGE 7SE,USC00124778,41.0856,-87.3828,205.7,2,22,null,null,139Q
IN LAKE VILLAGE 7SE,USC00124778,41.0856,-87.3828,205.7,2,23,null,null,146Q
IN LAKE VILLAGE 7SE,USC00124778,41.0856,-87.3828,205.7,2,24,null,null,153Q
IN LAKE VILLAGE 7SE,USC00124778,41.0856,-87.3828,205.7,2,25,null,null,160Q
IN LAKE VILLAGE 7SE,USC00124778,41.0856,-87.3828,205.7,2,26,null,null,168Q
IN LAKE VILLAGE 7SE,USC00124778,41.0856,-87.3828,205.7,2,27,null,null,176Q
IN LAKE VILLAGE 7SE,USC00124778,41.0856,-87.3828,205.7,2,28,null,null,184Q
IN LAKE VILLAGE 7SE,USC00124778,41.0856,-87.3828,205.7,2,29,null,null,-9999
IN LAKE VILLAGE 7SE,USC00124778,41.0856,-87.3828,205.7,2,30,null,null,-8888
IN LAKE VILLAGE 7SE,USC00124778,41.0856,-87.3828,205.7,2,31,null,null,-8888
IN LAKE VILLAGE 7SE,USC00124778,41.0856,-87.3828,205.7,3,1,null,null,8Q
IN LAKE VILLAGE 7SE,USC00124778,41.0856,-87.3828,205.7,3,2,null,null,15Q
IN LAKE VILLAGE 7SE,USC00124778,41.0856,-87.3828,205.7,3,3,null,null,23Q
IN LAKE VILLAGE 7SE,USC00124778,41.0856,-87.3828,205.7,3,4,null,null,30Q
IN LAKE VILLAGE 7SE,USC00124778,41.0856,-87.3828,205.7,3,5,null,null,37Q
IN LAKE VILLAGE 7SE,USC00124778,41.0856,-87.3828,205.7,3,6,null,null,45Q
IN LAKE VILLAGE 7SE,USC00124778,41.0856,-87.3828,205.7,3,7,null,null,52Q
IN LAKE VILLAGE 7SE,USC00124778,41.0856,-87.3828,205.7,3,8,null,null,60Q
IN LAKE VILLAGE 7SE,USC00124778,41.0856,-87.3828,205.7,3,9,null,null,67Q
IN LAKE VILLAGE 7SE,USC00124778,41.0856,-87.3828,205.7,3,10,null,null,75Q
IN LAKE VILLAGE 7SE,USC00124778,41.0856,-87.3828,205.7,3,11,null,null,83Q
IN LAKE VILLAGE 7SE,USC00124778,41.0856,-87.3828,205.7,3,12,null,null,91Q
IN LAKE VILLAGE 7SE,USC00124778,41.0856,-87.3828,205.7,3,13,null,null,99Q
IN LAKE VILLAGE 7SE,USC00124778,41.0856,-87.3828,205.7,3,14,null,null,107Q
IN LAKE VILLAGE 7SE,USC00124778,41.0856,-87.3828,205.7,3,15,null,null,116Q
IN LAKE VILLAGE 7SE,USC00124778,41.0856,-87.3828,205.7,3,16,null,null,125Q
IN LAKE VILLAGE 7SE,USC00124778,41.0856,-87.3828,205.7,3,17,null,null,134Q
IN LAKE VILLAGE 7SE,USC00124778,41.0856,-87.3828,205.7,3,18,null,null,143Q
IN LAKE VILLAGE 7SE,USC00124778,41.0856,-87.3828,205.7,3,19,null,null,152Q
IN LAKE VILLAGE 7SE,USC00124778,41.0856,-87.3828,205.7,3,20,null,null,161Q
IN LAKE VILLAGE 7SE,USC00124778,41.0856,-87.3828,205.7,3,21,null,null,170Q
IN LAKE VILLAGE 7SE,USC00124778,41.0856,-87.3828,205.7,3,22,null,null,180Q
IN LAKE VILLAGE 7SE,USC00124778,41.0856,-87.3828,205.7,3,23,null,null,189Q
IN LAKE VILLAGE 7SE,USC00124778,41.0856,-87.3828,205.7,3,24,null,null,198Q
IN LAKE VILLAGE 7SE,USC00124778,41.0856,-87.3828,205.7,3,25,null,null,207Q
IN LAKE VILLAGE 7SE,USC00124778,41.0856,-87.3828,205.7,3,26,null,null,216Q
IN LAKE VILLAGE 7SE,USC00124778,41.0856,-87.3828,205.7,3,27,null,null,224Q
IN LAKE VILLAGE 7SE,USC00124778,41.0856,-87.3828,205.7,3,28,null,null,232Q
IN LAKE VILLAGE 7SE,USC00124778,41.0856,-87.3828,205.7,3,29,null,null,240Q
IN LAKE VILLAGE 7SE,USC00124778,41.0856,-87.3828,205.7,3,30,null,null,248Q
IN LAKE VILLAGE 7SE,USC00124778,41.0856,-87.3828,205.7,3,31,null,null,257Q
IN LAKE VILLAGE 7SE,USC00124778,41.0856,-87.3828,205.7,4,1,null,null,10Q
IN LAKE VILLAGE 7SE,USC00124778,41.0856,-87.3828,205.7,4,2,null,null,21Q
IN LAKE VILLAGE 7SE,USC00124778,41.0856,-87.3828,205.7,4,3,null,null,31Q
IN LAKE VILLAGE 7SE,USC00124778,41.0856,-87.3828,205.7,4,4,null,null,42Q
IN LAKE VILLAGE 7SE,USC00124778,41.0856,-87.3828,205.7,4,5,null,null,53Q
IN LAKE VILLAGE 7SE,USC00124778,41.0856,-87.3828,205.7,4,6,null,null,64Q
IN LAKE VILLAGE 7SE,USC00124778,41.0856,-87.3828,205.7,4,7,null,null,75Q
IN LAKE VILLAGE 7SE,USC00124778,41.0856,-87.3828,205.7,4,8,null,null,86Q
IN LAKE VILLAGE 7SE,USC00124778,41.0856,-87.3828,205.7,4,9,null,null,97Q
IN LAKE VILLAGE 7SE,USC00124778,41.0856,-87.3828,205.7,4,10,null,null,107Q
IN LAKE VILLAGE 7SE,USC00124778,41.0856,-87.3828,205.7,4,11,null,null,119Q
IN LAKE VILLAGE 7SE,USC00124778,41.0856,-87.3828,205.7,4,12,null,null,131Q
IN LAKE VILLAGE 7SE,USC00124778,41.0856,-87.3828,205.7,4,13,null,null,142Q
IN LAKE VILLAGE 7SE,USC00124778,41.0856,-87.3828,205.7,4,14,null,null,154Q
IN LAKE VILLAGE 7SE,USC00124778,41.0856,-87.3828,205.7,4,15,null,null,165Q
IN LAKE VILLAGE 7SE,USC00124778,41.0856,-87.3828,205.7,4,16,null,null,176Q
IN LAKE VILLAGE 7SE,USC00124778,41.0856,-87.3828,205.7,4,17,null,null,188Q
IN LAKE VILLAGE 7SE,USC00124778,41.0856,-87.3828,205.7,4,18,null,null,201Q
IN LAKE VILLAGE 7SE,USC00124778,41.0856,-87.3828,205.7,4,19,null,null,213Q
IN LAKE VILLAGE 7SE,USC00124778,41.0856,-87.3828,205.7,4,20,null,null,225Q
IN LAKE VILLAGE 7SE,USC00124778,41.0856,-87.3828,205.7,4,21,null,null,236Q
IN LAKE VILLAGE 7SE,USC00124778,41.0856,-87.3828,205.7,4,22,null,null,247Q
IN LAKE VILLAGE 7SE,USC00124778,41.0856,-87.3828,205.7,4,23,null,null,258Q
IN LAKE VILLAGE 7SE,USC00124778,41.0856,-87.3828,205.7,4,24,null,null,270Q
IN LAKE VILLAGE 7SE,USC00124778,41.0856,-87.3828,205.7,4,25,null,null,282Q
IN LAKE VILLAGE 7SE,USC00124778,41.0856,-87.3828,205.7,4,26,null,null,294Q
IN LAKE VILLAGE 7SE,USC00124778,41.0856,-87.3828,205.7,4,27,null,null,308Q
IN LAKE VILLAGE 7SE,USC00124778,41.0856,-87.3828,205.7,4,28,null,null,321Q
IN LAKE VILLAGE 7SE,USC00124778,41.0856,-87.3828,205.7,4,29,null,null,334Q
IN LAKE VILLAGE 7SE,USC00124778,41.0856,-87.3828,205.7,4,30,null,null,348Q
IN LAKE VILLAGE 7SE,USC00124778,41.0856,-87.3828,205.7,4,31,null,null,-8888
IN LAKE VILLAGE 7SE,USC00124778,41.0856,-87.3828,205.7,5,1,null,null,13Q
IN LAKE VILLAGE 7SE,USC00124778,41.0856,-87.3828,205.7,5,2,null,null,26Q
IN LAKE VILLAGE 7SE,USC00124778,41.0856,-87.3828,205.7,5,3,null,null,40Q
IN LAKE VILLAGE 7SE,USC00124778,41.0856,-87.3828,205.7,5,4,null,null,53Q
IN LAKE VILLAGE 7SE,USC00124778,41.0856,-87.3828,205.7,5,5,null,null,67Q
IN LAKE VILLAGE 7SE,USC00124778,41.0856,-87.3828,205.7,5,6,null,null,80Q
IN LAKE VILLAGE 7SE,USC00124778,41.0856,-87.3828,205.7,5,7,null,null,94Q
IN LAKE VILLAGE 7SE,USC00124778,41.0856,-87.3828,205.7,5,8,null,null,107Q
IN LAKE VILLAGE 7SE,USC00124778,41.0856,-87.3828,205.7,5,9,null,null,120Q
IN LAKE VILLAGE 7SE,USC00124778,41.0856,-87.3828,205.7,5,10,null,null,132Q
IN LAKE VILLAGE 7SE,USC00124778,41.0856,-87.3828,205.7,5,11,null,null,145Q
IN LAKE VILLAGE 7SE,USC00124778,41.0856,-87.3828,205.7,5,12,null,null,157Q
IN LAKE VILLAGE 7SE,USC00124778,41.0856,-87.3828,205.7,5,13,null,null,170Q
IN LAKE VILLAGE 7SE,USC00124778,41.0856,-87.3828,205.7,5,14,null,null,182Q
IN LAKE VILLAGE 7SE,USC00124778,41.0856,-87.3828,205.7,5,15,null,null,195Q
IN LAKE VILLAGE 7SE,USC00124778,41.0856,-87.3828,205.7,5,16,null,null,207Q
IN LAKE VILLAGE 7SE,USC00124778,41.0856,-87.3828,205.7,5,17,null,null,219Q
IN LAKE VILLAGE 7SE,USC00124778,41.0856,-87.3828,205.7,5,18,null,null,233Q
IN LAKE VILLAGE 7SE,USC00124778,41.0856,-87.3828,205.7,5,19,null,null,246Q
IN LAKE VILLAGE 7SE,USC00124778,41.0856,-87.3828,205.7,5,20,null,null,260Q
IN LAKE VILLAGE 7SE,USC00124778,41.0856,-87.3828,205.7,5,21,null,null,274Q
IN LAKE VILLAGE 7SE,USC00124778,41.0856,-87.3828,205.7,5,22,null,null,290Q
IN LAKE VILLAGE 7SE,USC00124778,41.0856,-87.3828,205.7,5,23,null,null,306Q
IN LAKE VILLAGE 7SE,USC00124778,41.0856,-87.3828,205.7,5,24,null,null,322Q
IN LAKE VILLAGE 7SE,USC00124778,41.0856,-87.3828,205.7,5,25,null,null,337Q
IN LAKE VILLAGE 7SE,USC00124778,41.0856,-87.3828,205.7,5,26,null,null,352Q
IN LAKE VILLAGE 7SE,USC00124778,41.0856,-87.3828,205.7,5,27,null,null,366Q
IN LAKE VILLAGE 7SE,USC00124778,41.0856,-87.3828,205.7,5,28,null,null,382Q
IN LAKE VILLAGE 7SE,USC00124778,41.0856,-87.3828,205.7,5,29,null,null,397Q
IN LAKE VILLAGE 7SE,USC00124778,41.0856,-87.3828,205.7,5,30,null,null,412Q
IN LAKE VILLAGE 7SE,USC00124778,41.0856,-87.3828,205.7,5,31,null,null,426Q
IN LAKE VILLAGE 7SE,USC00124778,41.0856,-87.3828,205.7,6,1,null,null,14Q
IN LAKE VILLAGE 7SE,USC00124778,41.0856,-87.3828,205.7,6,2,null,null,29Q
IN LAKE VILLAGE 7SE,USC00124778,41.0856,-87.3828,205.7,6,3,null,null,44Q
IN LAKE VILLAGE 7SE,USC00124778,41.0856,-87.3828,205.7,6,4,null,null,58Q
IN LAKE VILLAGE 7SE,USC00124778,41.0856,-87.3828,205.7,6,5,null,null,73Q
IN LAKE VILLAGE 7SE,USC00124778,41.0856,-87.3828,205.7,6,6,null,null,88Q
IN LAKE VILLAGE 7SE,USC00124778,41.0856,-87.3828,205.7,6,7,null,null,103Q
IN LAKE VILLAGE 7SE,USC00124778,41.0856,-87.3828,205.7,6,8,null,null,119Q
IN LAKE VILLAGE 7SE,USC00124778,41.0856,-87.3828,205.7,6,9,null,null,135Q
IN LAKE VILLAGE 7SE,USC00124778,41.0856,-87.3828,205.7,6,10,null,null,150Q
IN LAKE VILLAGE 7SE,USC00124778,41.0856,-87.3828,205.7,6,11,null,null,165Q
IN LAKE VILLAGE 7SE,USC00124778,41.0856,-87.3828,205.7,6,12,null,null,180Q
IN LAKE VILLAGE 7SE,USC00124778,41.0856,-87.3828,205.7,6,13,null,null,196Q
IN LAKE VILLAGE 7SE,USC00124778,41.0856,-87.3828,205.7,6,14,null,null,211Q
IN LAKE VILLAGE 7SE,USC00124778,41.0856,-87.3828,205.7,6,15,null,null,225Q
IN LAKE VILLAGE 7SE,USC00124778,41.0856,-87.3828,205.7,6,16,null,null,239Q
IN LAKE VILLAGE 7SE,USC00124778,41.0856,-87.3828,205.7,6,17,null,null,252Q
IN LAKE VILLAGE 7SE,USC00124778,41.0856,-87.3828,205.7,6,18,null,null,265Q
IN LAKE VILLAGE 7SE,USC00124778,41.0856,-87.3828,205.7,6,19,null,null,277Q
IN LAKE VILLAGE 7SE,USC00124778,41.0856,-87.3828,205.7,6,20,null,null,288Q
IN LAKE VILLAGE 7SE,USC00124778,41.0856,-87.3828,205.7,6,21,null,null,301Q
IN LAKE VILLAGE 7SE,USC00124778,41.0856,-87.3828,205.7,6,22,null,null,314Q
IN LAKE VILLAGE 7SE,USC00124778,41.0856,-87.3828,205.7,6,23,null,null,327Q
IN LAKE VILLAGE 7SE,USC00124778,41.0856,-87.3828,205.7,6,24,null,null,340Q
IN LAKE VILLAGE 7SE,USC00124778,41.0856,-87.3828,205.7,6,25,null,null,354Q
IN LAKE VILLAGE 7SE,USC00124778,41.0856,-87.3828,205.7,6,26,null,null,367Q
IN LAKE VILLAGE 7SE,USC00124778,41.0856,-87.3828,205.7,6,27,null,null,380Q
IN LAKE VILLAGE 7SE,USC00124778,41.0856,-87.3828,205.7,6,28,null,null,394Q
IN LAKE VILLAGE 7SE,USC00124778,41.0856,-87.3828,205.7,6,29,null,null,408Q
IN LAKE VILLAGE 7SE,USC00124778,41.0856,-87.3828,205.7,6,30,null,null,422Q
IN LAKE VILLAGE 7SE,USC00124778,41.0856,-87.3828,205.7,6,31,null,null,-8888
IN LAKE VILLAGE 7SE,USC00124778,41.0856,-87.3828,205.7,7,1,null,null,13Q
IN LAKE VILLAGE 7SE,USC00124778,41.0856,-87.3828,205.7,7,2,null,null,26Q
IN LAKE VILLAGE 7SE,USC00124778,41.0856,-87.3828,205.7,7,3,null,null,39Q
IN LAKE VILLAGE 7SE,USC00124778,41.0856,-87.3828,205.7,7,4,null,null,52Q
IN LAKE VILLAGE 7SE,USC00124778,41.0856,-87.3828,205.7,7,5,null,null,65Q
IN LAKE VILLAGE 7SE,USC00124778,41.0856,-87.3828,205.7,7,6,null,null,80Q
IN LAKE VILLAGE 7SE,USC00124778,41.0856,-87.3828,205.7,7,7,null,null,94Q
IN LAKE VILLAGE 7SE,USC00124778,41.0856,-87.3828,205.7,7,8,null,null,108Q
IN LAKE VILLAGE 7SE,USC00124778,41.0856,-87.3828,205.7,7,9,null,null,122Q
IN LAKE VILLAGE 7SE,USC00124778,41.0856,-87.3828,205.7,7,10,null,null,136Q
IN LAKE VILLAGE 7SE,USC00124778,41.0856,-87.3828,205.7,7,11,null,null,150Q
IN LAKE VILLAGE 7SE,USC00124778,41.0856,-87.3828,205.7,7,12,null,null,164Q
IN LAKE VILLAGE 7SE,USC00124778,41.0856,-87.3828,205.7,7,13,null,null,180Q
IN LAKE VILLAGE 7SE,USC00124778,41.0856,-87.3828,205.7,7,14,null,null,196Q
IN LAKE VILLAGE 7SE,USC00124778,41.0856,-87.3828,205.7,7,15,null,null,211Q
IN LAKE VILLAGE 7SE,USC00124778,41.0856,-87.3828,205.7,7,16,null,null,227Q
IN LAKE VILLAGE 7SE,USC00124778,41.0856,-87.3828,205.7,7,17,null,null,244Q
IN LAKE VILLAGE 7SE,USC00124778,41.0856,-87.3828,205.7,7,18,null,null,260Q
IN LAKE VILLAGE 7SE,USC00124778,41.0856,-87.3828,205.7,7,19,null,null,276Q
IN LAKE VILLAGE 7SE,USC00124778,41.0856,-87.3828,205.7,7,20,null,null,290Q
IN LAKE VILLAGE 7SE,USC00124778,41.0856,-87.3828,205.7,7,21,null,null,305Q
IN LAKE VILLAGE 7SE,USC00124778,41.0856,-87.3828,205.7,7,22,null,null,321Q
IN LAKE VILLAGE 7SE,USC00124778,41.0856,-87.3828,205.7,7,23,null,null,338Q
IN LAKE VILLAGE 7SE,USC00124778,41.0856,-87.3828,205.7,7,24,null,null,353Q
IN LAKE VILLAGE 7SE,USC00124778,41.0856,-87.3828,205.7,7,25,null,null,369Q
IN LAKE VILLAGE 7SE,USC00124778,41.0856,-87.3828,205.7,7,26,null,null,384Q
IN LAKE VILLAGE 7SE,USC00124778,41.0856,-87.3828,205.7,7,27,null,null,398Q
IN LAKE VILLAGE 7SE,USC00124778,41.0856,-87.3828,205.7,7,28,null,null,412Q
IN LAKE VILLAGE 7SE,USC00124778,41.0856,-87.3828,205.7,7,29,null,null,427Q
IN LAKE VILLAGE 7SE,USC00124778,41.0856,-87.3828,205.7,7,30,null,null,441Q
IN LAKE VILLAGE 7SE,USC00124778,41.0856,-87.3828,205.7,7,31,null,null,456Q
IN LAKE VILLAGE 7SE,USC00124778,41.0856,-87.3828,205.7,8,1,null,null,14Q
IN LAKE VILLAGE 7SE,USC00124778,41.0856,-87.3828,205.7,8,2,null,null,27Q
IN LAKE VILLAGE 7SE,USC00124778,41.0856,-87.3828,205.7,8,3,null,null,40Q
IN LAKE VILLAGE 7SE,USC00124778,41.0856,-87.3828,205.7,8,4,null,null,52Q
IN LAKE VILLAGE 7SE,USC00124778,41.0856,-87.3828,205.7,8,5,null,null,65Q
IN LAKE VILLAGE 7SE,USC00124778,41.0856,-87.3828,205.7,8,6,null,null,79Q
IN LAKE VILLAGE 7SE,USC00124778,41.0856,-87.3828,205.7,8,7,null,null,94Q
IN LAKE VILLAGE 7SE,USC00124778,41.0856,-87.3828,205.7,8,8,null,null,108Q
IN LAKE VILLAGE 7SE,USC00124778,41.0856,-87.3828,205.7,8,9,null,null,122Q
IN LAKE VILLAGE 7SE,USC00124778,41.0856,-87.3828,205.7,8,10,null,null,136Q
IN LAKE VILLAGE 7SE,USC00124778,41.0856,-87.3828,205.7,8,11,null,null,149Q
IN LAKE VILLAGE 7SE,USC00124778,41.0856,-87.3828,205.7,8,12,null,null,163Q
IN LAKE VILLAGE 7SE,USC00124778,41.0856,-87.3828,205.7,8,13,null,null,177Q
IN LAKE VILLAGE 7SE,USC00124778,41.0856,-87.3828,205.7,8,14,null,null,191Q
IN LAKE VILLAGE 7SE,USC00124778,41.0856,-87.3828,205.7,8,15,null,null,205Q
IN LAKE VILLAGE 7SE,USC00124778,41.0856,-87.3828,205.7,8,16,null,null,220Q
IN LAKE VILLAGE 7SE,USC00124778,41.0856,-87.3828,205.7,8,17,null,null,234Q
IN LAKE VILLAGE 7SE,USC00124778,41.0856,-87.3828,205.7,8,18,null,null,248Q
IN LAKE VILLAGE 7SE,USC00124778,41.0856,-87.3828,205.7,8,19,null,null,261Q
IN LAKE VILLAGE 7SE,USC00124778,41.0856,-87.3828,205.7,8,20,null,null,274Q
IN LAKE VILLAGE 7SE,USC00124778,41.0856,-87.3828,205.7,8,21,null,null,285Q
IN LAKE VILLAGE 7SE,USC00124778,41.0856,-87.3828,205.7,8,22,null,null,298Q
IN LAKE VILLAGE 7SE,USC00124778,41.0856,-87.3828,205.7,8,23,null,null,310Q
IN LAKE VILLAGE 7SE,USC00124778,41.0856,-87.3828,205.7,8,24,null,null,323Q
IN LAKE VILLAGE 7SE,USC00124778,41.0856,-87.3828,205.7,8,25,null,null,335Q
IN LAKE VILLAGE 7SE,USC00124778,41.0856,-87.3828,205.7,8,26,null,null,346Q
IN LAKE VILLAGE 7SE,USC00124778,41.0856,-87.3828,205.7,8,27,null,null,358Q
IN LAKE VILLAGE 7SE,USC00124778,41.0856,-87.3828,205.7,8,28,null,null,369Q
IN LAKE VILLAGE 7SE,USC00124778,41.0856,-87.3828,205.7,8,29,null,null,380Q
IN LAKE VILLAGE 7SE,USC00124778,41.0856,-87.3828,205.7,8,30,null,null,393Q
IN LAKE VILLAGE 7SE,USC00124778,41.0856,-87.3828,205.7,8,31,null,null,406Q
IN LAKE VILLAGE 7SE,USC00124778,41.0856,-87.3828,205.7,9,1,null,null,14Q
IN LAKE VILLAGE 7SE,USC00124778,41.0856,-87.3828,205.7,9,2,null,null,29Q
IN LAKE VILLAGE 7SE,USC00124778,41.0856,-87.3828,205.7,9,3,null,null,42Q
IN LAKE VILLAGE 7SE,USC00124778,41.0856,-87.3828,205.7,9,4,null,null,54Q
IN LAKE VILLAGE 7SE,USC00124778,41.0856,-87.3828,205.7,9,5,null,null,66Q
IN LAKE VILLAGE 7SE,USC00124778,41.0856,-87.3828,205.7,9,6,null,null,78Q
IN LAKE VILLAGE 7SE,USC00124778,41.0856,-87.3828,205.7,9,7,null,null,89Q
IN LAKE VILLAGE 7SE,USC00124778,41.0856,-87.3828,205.7,9,8,null,null,101Q
IN LAKE VILLAGE 7SE,USC00124778,41.0856,-87.3828,205.7,9,9,null,null,113Q
IN LAKE VILLAGE 7SE,USC00124778,41.0856,-87.3828,205.7,9,10,null,null,124Q
IN LAKE VILLAGE 7SE,USC00124778,41.0856,-87.3828,205.7,9,11,null,null,134Q
IN LAKE VILLAGE 7SE,USC00124778,41.0856,-87.3828,205.7,9,12,null,null,144Q
IN LAKE VILLAGE 7SE,USC00124778,41.0856,-87.3828,205.7,9,13,null,null,154Q
IN LAKE VILLAGE 7SE,USC00124778,41.0856,-87.3828,205.7,9,14,null,null,164Q
IN LAKE VILLAGE 7SE,USC00124778,41.0856,-87.3828,205.7,9,15,null,null,175Q
IN LAKE VILLAGE 7SE,USC00124778,41.0856,-87.3828,205.7,9,16,null,null,185Q
IN LAKE VILLAGE 7SE,USC00124778,41.0856,-87.3828,205.7,9,17,null,null,194Q
IN LAKE VILLAGE 7SE,USC00124778,41.0856,-87.3828,205.7,9,18,null,null,204Q
IN LAKE VILLAGE 7SE,USC00124778,41.0856,-87.3828,205.7,9,19,null,null,215Q
IN LAKE VILLAGE 7SE,USC00124778,41.0856,-87.3828,205.7,9,20,null,null,224Q
IN LAKE VILLAGE 7SE,USC00124778,41.0856,-87.3828,205.7,9,21,null,null,233Q
IN LAKE VILLAGE 7SE,USC00124778,41.0856,-87.3828,205.7,9,22,null,null,243Q
IN LAKE VILLAGE 7SE,USC00124778,41.0856,-87.3828,205.7,9,23,null,null,252Q
IN LAKE VILLAGE 7SE,USC00124778,41.0856,-87.3828,205.7,9,24,null,null,262Q
IN LAKE VILLAGE 7SE,USC00124778,41.0856,-87.3828,205.7,9,25,null,null,272Q
IN LAKE VILLAGE 7SE,USC00124778,41.0856,-87.3828,205.7,9,26,null,null,282Q
IN LAKE VILLAGE 7SE,USC00124778,41.0856,-87.3828,205.7,9,27,null,null,292Q
IN LAKE VILLAGE 7SE,USC00124778,41.0856,-87.3828,205.7,9,28,null,null,300Q
IN LAKE VILLAGE 7SE,USC00124778,41.0856,-87.3828,205.7,9,29,null,null,308Q
IN LAKE VILLAGE 7SE,USC00124778,41.0856,-87.3828,205.7,9,30,null,null,314Q
IN LAKE VILLAGE 7SE,USC00124778,41.0856,-87.3828,205.7,9,31,null,null,-8888
IN LAKE VILLAGE 7SE,USC00124778,41.0856,-87.3828,205.7,10,1,null,null,8Q
IN LAKE VILLAGE 7SE,USC00124778,41.0856,-87.3828,205.7,10,2,null,null,17Q
IN LAKE VILLAGE 7SE,USC00124778,41.0856,-87.3828,205.7,10,3,null,null,26Q
IN LAKE VILLAGE 7SE,USC00124778,41.0856,-87.3828,205.7,10,4,null,null,36Q
IN LAKE VILLAGE 7SE,USC00124778,41.0856,-87.3828,205.7,10,5,null,null,46Q
IN LAKE VILLAGE 7SE,USC00124778,41.0856,-87.3828,205.7,10,6,null,null,56Q
IN LAKE VILLAGE 7SE,USC00124778,41.0856,-87.3828,205.7,10,7,null,null,65Q
IN LAKE VILLAGE 7SE,USC00124778,41.0856,-87.3828,205.7,10,8,null,null,74Q
IN LAKE VILLAGE 7SE,USC00124778,41.0856,-87.3828,205.7,10,9,null,null,84Q
IN LAKE VILLAGE 7SE,USC00124778,41.0856,-87.3828,205.7,10,10,null,null,95Q
IN LAKE VILLAGE 7SE,USC00124778,41.0856,-87.3828,205.7,10,11,null,null,107Q
IN LAKE VILLAGE 7SE,USC00124778,41.0856,-87.3828,205.7,10,12,null,null,118Q
IN LAKE VILLAGE 7SE,USC00124778,41.0856,-87.3828,205.7,10,13,null,null,130Q
IN LAKE VILLAGE 7SE,USC00124778,41.0856,-87.3828,205.7,10,14,null,null,141Q
IN LAKE VILLAGE 7SE,USC00124778,41.0856,-87.3828,205.7,10,15,null,null,152Q
IN LAKE VILLAGE 7SE,USC00124778,41.0856,-87.3828,205.7,10,16,null,null,164Q
IN LAKE VILLAGE 7SE,USC00124778,41.0856,-87.3828,205.7,10,17,null,null,176Q
IN LAKE VILLAGE 7SE,USC00124778,41.0856,-87.3828,205.7,10,18,null,null,187Q
IN LAKE VILLAGE 7SE,USC00124778,41.0856,-87.3828,205.7,10,19,null,null,199Q
IN LAKE VILLAGE 7SE,USC00124778,41.0856,-87.3828,205.7,10,20,null,null,211Q
IN LAKE VILLAGE 7SE,USC00124778,41.0856,-87.3828,205.7,10,21,null,null,223Q
IN LAKE VILLAGE 7SE,USC00124778,41.0856,-87.3828,205.7,10,22,null,null,235Q
IN LAKE VILLAGE 7SE,USC00124778,41.0856,-87.3828,205.7,10,23,null,null,247Q
IN LAKE VILLAGE 7SE,USC00124778,41.0856,-87.3828,205.7,10,24,null,null,259Q
IN LAKE VILLAGE 7SE,USC00124778,41.0856,-87.3828,205.7,10,25,null,null,270Q
IN LAKE VILLAGE 7SE,USC00124778,41.0856,-87.3828,205.7,10,26,null,null,281Q
IN LAKE VILLAGE 7SE,USC00124778,41.0856,-87.3828,205.7,10,27,null,null,292Q
IN LAKE VILLAGE 7SE,USC00124778,41.0856,-87.3828,205.7,10,28,null,null,304Q
IN LAKE VILLAGE 7SE,USC00124778,41.0856,-87.3828,205.7,10,29,null,null,316Q
IN LAKE VILLAGE 7SE,USC00124778,41.0856,-87.3828,205.7,10,30,null,null,327Q
IN LAKE VILLAGE 7SE,USC00124778,41.0856,-87.3828,205.7,10,31,null,null,337Q
IN LAKE VILLAGE 7SE,USC00124778,41.0856,-87.3828,205.7,11,1,null,null,10Q
IN LAKE VILLAGE 7SE,USC00124778,41.0856,-87.3828,205.7,11,2,null,null,21Q
IN LAKE VILLAGE 7SE,USC00124778,41.0856,-87.3828,205.7,11,3,null,null,31Q
IN LAKE VILLAGE 7SE,USC00124778,41.0856,-87.3828,205.7,11,4,null,null,42Q
IN LAKE VILLAGE 7SE,USC00124778,41.0856,-87.3828,205.7,11,5,null,null,53Q
IN LAKE VILLAGE 7SE,USC00124778,41.0856,-87.3828,205.7,11,6,null,null,65Q
IN LAKE VILLAGE 7SE,USC00124778,41.0856,-87.3828,205.7,11,7,null,null,75Q
IN LAKE VILLAGE 7SE,USC00124778,41.0856,-87.3828,205.7,11,8,null,null,85Q
IN LAKE VILLAGE 7SE,USC00124778,41.0856,-87.3828,205.7,11,9,null,null,94Q
IN LAKE VILLAGE 7SE,USC00124778,41.0856,-87.3828,205.7,11,10,null,null,103Q
IN LAKE VILLAGE 7SE,USC00124778,41.0856,-87.3828,205.7,11,11,null,null,113Q
IN LAKE VILLAGE 7SE,USC00124778,41.0856,-87.3828,205.7,11,12,null,null,123Q
IN LAKE VILLAGE 7SE,USC00124778,41.0856,-87.3828,205.7,11,13,null,null,134Q
IN LAKE VILLAGE 7SE,USC00124778,41.0856,-87.3828,205.7,11,14,null,null,144Q
IN LAKE VILLAGE 7SE,USC00124778,41.0856,-87.3828,205.7,11,15,null,null,154Q
IN LAKE VILLAGE 7SE,USC00124778,41.0856,-87.3828,205.7,11,16,null,null,164Q
IN LAKE VILLAGE 7SE,USC00124778,41.0856,-87.3828,205.7,11,17,null,null,175Q
IN LAKE VILLAGE 7SE,USC00124778,41.0856,-87.3828,205.7,11,18,null,null,185Q
IN LAKE VILLAGE 7SE,USC00124778,41.0856,-87.3828,205.7,11,19,null,null,196Q
IN LAKE VILLAGE 7SE,USC00124778,41.0856,-87.3828,205.7,11,20,null,null,206Q
IN LAKE VILLAGE 7SE,USC00124778,41.0856,-87.3828,205.7,11,21,null,null,217Q
IN LAKE VILLAGE 7SE,USC00124778,41.0856,-87.3828,205.7,11,22,null,null,227Q
IN LAKE VILLAGE 7SE,USC00124778,41.0856,-87.3828,205.7,11,23,null,null,239Q
IN LAKE VILLAGE 7SE,USC00124778,41.0856,-87.3828,205.7,11,24,null,null,250Q
IN LAKE VILLAGE 7SE,USC00124778,41.0856,-87.3828,205.7,11,25,null,null,262Q
IN LAKE VILLAGE 7SE,USC00124778,41.0856,-87.3828,205.7,11,26,null,null,274Q
IN LAKE VILLAGE 7SE,USC00124778,41.0856,-87.3828,205.7,11,27,null,null,287Q
IN LAKE VILLAGE 7SE,USC00124778,41.0856,-87.3828,205.7,11,28,null,null,300Q
IN LAKE VILLAGE 7SE,USC00124778,41.0856,-87.3828,205.7,11,29,null,null,314Q
IN LAKE VILLAGE 7SE,USC00124778,41.0856,-87.3828,205.7,11,30,null,null,328Q
IN LAKE VILLAGE 7SE,USC00124778,41.0856,-87.3828,205.7,11,31,null,null,-8888
IN LAKE VILLAGE 7SE,USC00124778,41.0856,-87.3828,205.7,12,1,null,null,9Q
IN LAKE VILLAGE 7SE,USC00124778,41.0856,-87.3828,205.7,12,2,null,null,19Q
IN LAKE VILLAGE 7SE,USC00124778,41.0856,-87.3828,205.7,12,3,null,null,28Q
IN LAKE VILLAGE 7SE,USC00124778,41.0856,-87.3828,205.7,12,4,null,null,36Q
IN LAKE VILLAGE 7SE,USC00124778,41.0856,-87.3828,205.7,12,5,null,null,45Q
IN LAKE VILLAGE 7SE,USC00124778,41.0856,-87.3828,205.7,12,6,null,null,53Q
IN LAKE VILLAGE 7SE,USC00124778,41.0856,-87.3828,205.7,12,7,null,null,62Q
IN LAKE VILLAGE 7SE,USC00124778,41.0856,-87.3828,205.7,12,8,null,null,70Q
IN LAKE VILLAGE 7SE,USC00124778,41.0856,-87.3828,205.7,12,9,null,null,79Q
IN LAKE VILLAGE 7SE,USC00124778,41.0856,-87.3828,205.7,12,10,null,null,87Q
IN LAKE VILLAGE 7SE,USC00124778,41.0856,-87.3828,205.7,12,11,null,null,95Q
IN LAKE VILLAGE 7SE,USC00124778,41.0856,-87.3828,205.7,12,12,null,null,103Q
IN LAKE VILLAGE 7SE,USC00124778,41.0856,-87.3828,205.7,12,13,null,null,111Q
IN LAKE VILLAGE 7SE,USC00124778,41.0856,-87.3828,205.7,12,14,null,null,119Q
IN LAKE VILLAGE 7SE,USC00124778,41.0856,-87.3828,205.7,12,15,null,null,126Q
IN LAKE VILLAGE 7SE,USC00124778,41.0856,-87.3828,205.7,12,16,null,null,133Q
IN LAKE VILLAGE 7SE,USC00124778,41.0856,-87.3828,205.7,12,17,null,null,140Q
IN LAKE VILLAGE 7SE,USC00124778,41.0856,-87.3828,205.7,12,18,null,null,147Q
IN LAKE VILLAGE 7SE,USC00124778,41.0856,-87.3828,205.7,12,19,null,null,154Q
IN LAKE VILLAGE 7SE,USC00124778,41.0856,-87.3828,205.7,12,20,null,null,161Q
IN LAKE VILLAGE 7SE,USC00124778,41.0856,-87.3828,205.7,12,21,null,null,168Q
IN LAKE VILLAGE 7SE,USC00124778,41.0856,-87.3828,205.7,12,22,null,null,176Q
IN LAKE VILLAGE 7SE,USC00124778,41.0856,-87.3828,205.7,12,23,null,null,184Q
IN LAKE VILLAGE 7SE,USC00124778,41.0856,-87.3828,205.7,12,24,null,null,192Q
IN LAKE VILLAGE 7SE,USC00124778,41.0856,-87.3828,205.7,12,25,null,null,200Q
IN LAKE VILLAGE 7SE,USC00124778,41.0856,-87.3828,205.7,12,26,null,null,208Q
IN LAKE VILLAGE 7SE,USC00124778,41.0856,-87.3828,205.7,12,27,null,null,216Q
IN LAKE VILLAGE 7SE,USC00124778,41.0856,-87.3828,205.7,12,28,null,null,223Q
IN LAKE VILLAGE 7SE,USC00124778,41.0856,-87.3828,205.7,12,29,null,null,230Q
IN LAKE VILLAGE 7SE,USC00124778,41.0856,-87.3828,205.7,12,30,null,null,239Q
IN LAKE VILLAGE 7SE,USC00124778,41.0856,-87.3828,205.7,12,31,null,null,248Q
