station_name,gchn_daily_id,latitude,longitude,elevation(m),month,day,temp_min,temp_max,precipitation_mtd
FL HILLSBOROUGH RVR ST PARK,USC00083986,28.1469,-82.2275,16.2m,1,1,null,null,10S
FL HILLSBOROUGH RVR ST PARK,USC00083986,28.1469,-82.2275,16.2m,1,2,null,null,19S
FL HILLSBOROUGH RVR ST PARK,USC00083986,28.1469,-82.2275,16.2m,1,3,null,null,29S
FL HILLSBOROUGH RVR ST PARK,USC00083986,28.1469,-82.2275,16.2m,1,4,null,null,39S
FL HILLSBOROUGH RVR ST PARK,USC00083986,28.1469,-82.2275,16.2m,1,5,null,null,48S
FL HILLSBOROUGH RVR ST PARK,USC00083986,28.1469,-82.2275,16.2m,1,6,null,null,58S
FL HILLSBOROUGH RVR ST PARK,USC00083986,28.1469,-82.2275,16.2m,1,7,null,null,68S
FL HILLSBOROUGH RVR ST PARK,USC00083986,28.1469,-82.2275,16.2m,1,8,null,null,78S
FL HILLSBOROUGH RVR ST PARK,USC00083986,28.1469,-82.2275,16.2m,1,9,null,null,89S
FL HILLSBOROUGH RVR ST PARK,USC00083986,28.1469,-82.2275,16.2m,1,10,null,null,99S
FL HILLSBOROUGH RVR ST PARK,USC00083986,28.1469,-82.2275,16.2m,1,11,null,null,110S
FL HILLSBOROUGH RVR ST PARK,USC00083986,28.1469,-82.2275,16.2m,1,12,null,null,121S
FL HILLSBOROUGH RVR ST PARK,USC00083986,28.1469,-82.2275,16.2m,1,13,null,null,132S
FL HILLSBOROUGH RVR ST PARK,USC00083986,28.1469,-82.2275,16.2m,1,14,null,null,143S
FL HILLSBOROUGH RVR ST PARK,USC00083986,28.1469,-82.2275,16.2m,1,15,null,null,154S
FL HILLSBOROUGH RVR ST PARK,USC00083986,28.1469,-82.2275,16.2m,1,16,null,null,164S
FL HILLSBOROUGH RVR ST PARK,USC00083986,28.1469,-82.2275,16.2m,1,17,null,null,173S
FL HILLSBOROUGH RVR ST PARK,USC00083986,28.1469,-82.2275,16.2m,1,18,null,null,183S
FL HILLSBOROUGH RVR ST PARK,USC00083986,28.1469,-82.2275,16.2m,1,19,null,null,193S
FL HILLSBOROUGH RVR ST PARK,USC00083986,28.1469,-82.2275,16.2m,1,20,null,null,204S
FL HILLSBOROUGH RVR ST PARK,USC00083986,28.1469,-82.2275,16.2m,1,21,null,null,215S
FL HILLSBOROUGH RVR ST PARK,USC00083986,28.1469,-82.2275,16.2m,1,22,null,null,226S
FL HILLSBOROUGH RVR ST PARK,USC00083986,28.1469,-82.2275,16.2m,1,23,null,null,236S
FL HILLSBOROUGH RVR ST PARK,USC00083986,28.1469,-82.2275,16.2m,1,24,null,null,247S
FL HILLSBOROUGH RVR ST PARK,USC00083986,28.1469,-82.2275,16.2m,1,25,null,null,257S
FL HILLSBOROUGH RVR ST PARK,USC00083986,28.1469,-82.2275,16.2m,1,26,null,null,267S
FL HILLSBOROUGH RVR ST PARK,USC00083986,28.1469,-82.2275,16.2m,1,27,null,null,278S
FL HILLSBOROUGH RVR ST PARK,USC00083986,28.1469,-82.2275,16.2m,1,28,null,null,288S
FL HILLSBOROUGH RVR ST PARK,USC00083986,28.1469,-82.2275,16.2m,1,29,null,null,298S
FL HILLSBOROUGH RVR ST PARK,USC00083986,28.1469,-82.2275,16.2m,1,30,null,null,308S
FL HILLSBOROUGH RVR ST PARK,USC00083986,28.1469,-82.2275,16.2m,1,31,null,null,318S
FL HILLSBOROUGH RVR ST PARK,USC00083986,28.1469,-82.2275,16.2m,2,1,null,null,10S
FL HILLSBOROUGH RVR ST PARK,USC00083986,28.1469,-82.2275,16.2m,2,2,null,null,21S
FL HILLSBOROUGH RVR ST PARK,USC00083986,28.1469,-82.2275,16.2m,2,3,null,null,31S
FL HILLSBOROUGH RVR ST PARK,USC00083986,28.1469,-82.2275,16.2m,2,4,null,null,42S
FL HILLSBOROUGH RVR ST PARK,USC00083986,28.1469,-82.2275,16.2m,2,5,null,null,52S
FL HILLSBOROUGH RVR ST PARK,USC00083986,28.1469,-82.2275,16.2m,2,6,null,null,62S
FL HILLSBOROUGH RVR ST PARK,USC00083986,28.1469,-82.2275,16.2m,2,7,null,null,72S
FL HILLSBOROUGH RVR ST PARK,USC00083986,28.1469,-82.2275,16.2m,2,8,null,null,81S
FL HILLSBOROUGH RVR ST PARK,USC00083986,28.1469,-82.2275,16.2m,2,9,null,null,91S
FL HILLSBOROUGH RVR ST PARK,USC00083986,28.1469,-82.2275,16.2m,2,10,null,null,101S
FL HILLSBOROUGH RVR ST PARK,USC00083986,28.1469,-82.2275,16.2m,2,11,null,null,111S
FL HILLSBOROUGH RVR ST PARK,USC00083986,28.1469,-82.2275,16.2m,2,12,null,null,122S
FL HILLSBOROUGH RVR ST PARK,USC00083986,28.1469,-82.2275,16.2m,2,13,null,null,132S
FL HILLSBOROUGH RVR ST PARK,USC00083986,28.1469,-82.2275,16.2m,2,14,null,null,142S
FL HILLSBOROUGH RVR ST PARK,USC00083986,28.1469,-82.2275,16.2m,2,15,null,null,152S
FL HILLSBOROUGH RVR ST PARK,USC00083986,28.1469,-82.2275,16.2m,2,16,null,null,163S
FL HILLSBOROUGH RVR ST PARK,USC00083986,28.1469,-82.2275,16.2m,2,17,null,null,173S
FL HILLSBOROUGH RVR ST PARK,USC00083986,28.1469,-82.2275,16.2m,2,18,null,null,183S
FL HILLSBOROUGH RVR ST PARK,USC00083986,28.1469,-82.2275,16.2m,2,19,null,null,193S
FL HILLSBOROUGH RVR ST PARK,USC00083986,28.1469,-82.2275,16.2m,2,20,null,null,202S
FL HILLSBOROUGH RVR ST PARK,USC00083986,28.1469,-82.2275,16.2m,2,21,null,null,212S
FL HILLSBOROUGH RVR ST PARK,USC00083986,28.1469,-82.2275,16.2m,2,22,null,null,222S
FL HILLSBOROUGH RVR ST PARK,USC00083986,28.1469,-82.2275,16.2m,2,23,null,null,233S
FL HILLSBOROUGH RVR ST PARK,USC00083986,28.1469,-82.2275,16.2m,2,24,null,null,243S
FL HILLSBOROUGH RVR ST PARK,USC00083986,28.1469,-82.2275,16.2m,2,25,null,null,254S
FL HILLSBOROUGH RVR ST PARK,USC00083986,28.1469,-82.2275,16.2m,2,26,null,null,264S
FL HILLSBOROUGH RVR ST PARK,USC00083986,28.1469,-82.2275,16.2m,2,27,null,null,275S
FL HILLSBOROUGH RVR ST PARK,USC00083986,28.1469,-82.2275,16.2m,2,28,null,null,286S
FL HILLSBOROUGH RVR ST PARK,USC00083986,28.1469,-82.2275,16.2m,2,29,null,null,-9999
FL HILLSBOROUGH RVR ST PARK,USC00083986,28.1469,-82.2275,16.2m,2,30,null,null,-8888
FL HILLSBOROUGH RVR ST PARK,USC00083986,28.1469,-82.2275,16.2m,2,31,null,null,-8888
FL HILLSBOROUGH RVR ST PARK,USC00083986,28.1469,-82.2275,16.2m,3,1,null,null,12S
FL HILLSBOROUGH RVR ST PARK,USC00083986,28.1469,-82.2275,16.2m,3,2,null,null,24S
FL HILLSBOROUGH RVR ST PARK,USC00083986,28.1469,-82.2275,16.2m,3,3,null,null,35S
FL HILLSBOROUGH RVR ST PARK,USC00083986,28.1469,-82.2275,16.2m,3,4,null,null,48S
FL HILLSBOROUGH RVR ST PARK,USC00083986,28.1469,-82.2275,16.2m,3,5,null,null,60S
FL HILLSBOROUGH RVR ST PARK,USC00083986,28.1469,-82.2275,16.2m,3,6,null,null,73S
FL HILLSBOROUGH RVR ST PARK,USC00083986,28.1469,-82.2275,16.2m,3,7,null,null,86S
FL HILLSBOROUGH RVR ST PARK,USC00083986,28.1469,-82.2275,16.2m,3,8,null,null,99S
FL HILLSBOROUGH RVR ST PARK,USC00083986,28.1469,-82.2275,16.2m,3,9,null,null,111S
FL HILLSBOROUGH RVR ST PARK,USC00083986,28.1469,-82.2275,16.2m,3,10,null,null,123S
FL HILLSBOROUGH RVR ST PARK,USC00083986,28.1469,-82.2275,16.2m,3,11,null,null,135S
FL HILLSBOROUGH RVR ST PARK,USC00083986,28.1469,-82.2275,16.2m,3,12,null,null,146S
FL HILLSBOROUGH RVR ST PARK,USC00083986,28.1469,-82.2275,16.2m,3,13,null,null,158S
FL HILLSBOROUGH RVR ST PARK,USC00083986,28.1469,-82.2275,16.2m,3,14,null,null,170S
FL HILLSBOROUGH RVR ST PARK,USC00083986,28.1469,-82.2275,16.2m,3,15,null,null,183S
FL HILLSBOROUGH RVR ST PARK,USC00083986,28.1469,-82.2275,16.2m,3,16,null,null,195S
FL HILLSBOROUGH RVR ST PARK,USC00083986,28.1469,-82.2275,16.2m,3,17,null,null,208S
FL HILLSBOROUGH RVR ST PARK,USC00083986,28.1469,-82.2275,16.2m,3,18,null,null,221S
FL HILLSBOROUGH RVR ST PARK,USC00083986,28.1469,-82.2275,16.2m,3,19,null,null,233S
FL HILLSBOROUGH RVR ST PARK,USC00083986,28.1469,-82.2275,16.2m,3,20,null,null,246S
FL HILLSBOROUGH RVR ST PARK,USC00083986,28.1469,-82.2275,16.2m,3,21,null,null,259S
FL HILLSBOROUGH RVR ST PARK,USC00083986,28.1469,-82.2275,16.2m,3,22,null,null,271S
FL HILLSBOROUGH RVR ST PARK,USC00083986,28.1469,-82.2275,16.2m,3,23,null,null,283S
FL HILLSBOROUGH RVR ST PARK,USC00083986,28.1469,-82.2275,16.2m,3,24,null,null,295S
FL HILLSBOROUGH RVR ST PARK,USC00083986,28.1469,-82.2275,16.2m,3,25,null,null,307S
FL HILLSBOROUGH RVR ST PARK,USC00083986,28.1469,-82.2275,16.2m,3,26,null,null,317S
FL HILLSBOROUGH RVR ST PARK,USC00083986,28.1469,-82.2275,16.2m,3,27,null,null,328S
FL HILLSBOROUGH RVR ST PARK,USC00083986,28.1469,-82.2275,16.2m,3,28,null,null,339S
FL HILLSBOROUGH RVR ST PARK,USC00083986,28.1469,-82.2275,16.2m,3,29,null,null,350S
FL HILLSBOROUGH RVR ST PARK,USC00083986,28.1469,-82.2275,16.2m,3,30,null,null,361S
FL HILLSBOROUGH RVR ST PARK,USC00083986,28.1469,-82.2275,16.2m,3,31,null,null,372S
FL HILLSBOROUGH RVR ST PARK,USC00083986,28.1469,-82.2275,16.2m,4,1,null,null,9C
FL HILLSBOROUGH RVR ST PARK,USC00083986,28.1469,-82.2275,16.2m,4,2,null,null,18C
FL HILLSBOROUGH RVR ST PARK,USC00083986,28.1469,-82.2275,16.2m,4,3,null,null,27C
FL HILLSBOROUGH RVR ST PARK,USC00083986,28.1469,-82.2275,16.2m,4,4,null,null,36C
FL HILLSBOROUGH RVR ST PARK,USC00083986,28.1469,-82.2275,16.2m,4,5,null,null,44C
FL HILLSBOROUGH RVR ST PARK,USC00083986,28.1469,-82.2275,16.2m,4,6,null,null,52C
FL HILLSBOROUGH RVR ST PARK,USC00083986,28.1469,-82.2275,16.2m,4,7,null,null,60C
FL HILLSBOROUGH RVR ST PARK,USC00083986,28.1469,-82.2275,16.2m,4,8,null,null,68C
FL HILLSBOROUGH RVR ST PARK,USC00083986,28.1469,-82.2275,16.2m,4,9,null,null,76C
FL HILLSBOROUGH RVR ST PARK,USC00083986,28.1469,-82.2275,16.2m,4,10,null,null,85C
FL HILLSBOROUGH RVR ST PARK,USC00083986,28.1469,-82.2275,16.2m,4,11,null,null,93C
FL HILLSBOROUGH RVR ST PARK,USC00083986,28.1469,-82.2275,16.2m,4,12,null,null,102C
FL HILLSBOROUGH RVR ST PARK,USC00083986,28.1469,-82.2275,16.2m,4,13,null,null,110C
FL HILLSBOROUGH RVR ST PARK,USC00083986,28.1469,-82.2275,16.2m,4,14,null,null,118C
FL HILLSBOROUGH RVR ST PARK,USC00083986,28.1469,-82.2275,16.2m,4,15,null,null,125C
FL HILLSBOROUGH RVR ST PARK,USC00083986,28.1469,-82.2275,16.2m,4,16,null,null,132C
FL HILLSBOROUGH RVR ST PARK,USC00083986,28.1469,-82.2275,16.2m,4,17,null,null,140C
FL HILLSBOROUGH RVR ST PARK,USC00083986,28.1469,-82.2275,16.2m,4,18,null,null,148C
FL HILLSBOROUGH RVR ST PARK,USC00083986,28.1469,-82.2275,16.2m,4,19,null,null,155C
FL HILLSBOROUGH RVR ST PARK,USC00083986,28.1469,-82.2275,16.2m,4,20,null,null,162C
FL HILLSBOROUGH RVR ST PARK,USC00083986,28.1469,-82.2275,16.2m,4,21,null,null,169C
FL HILLSBOROUGH RVR ST PARK,USC00083986,28.1469,-82.2275,16.2m,4,22,null,null,176C
FL HILLSBOROUGH RVR ST PARK,USC00083986,28.1469,-82.2275,16.2m,4,23,null,null,183C
FL HILLSBOROUGH RVR ST PARK,USC00083986,28.1469,-82.2275,16.2m,4,24,null,null,190C
FL HILLSBOROUGH RVR ST PARK,USC00083986,28.1469,-82.2275,16.2m,4,25,null,null,197C
FL HILLSBOROUGH RVR ST PARK,USC00083986,28.1469,-82.2275,16.2m,4,26,null,null,203C
FL HILLSBOROUGH RVR ST PARK,USC00083986,28.1469,-82.2275,16.2m,4,27,null,null,209C
FL HILLSBOROUGH RVR ST PARK,USC00083986,28.1469,-82.2275,16.2m,4,28,null,null,216C
FL HILLSBOROUGH RVR ST PARK,USC00083986,28.1469,-82.2275,16.2m,4,29,null,null,222C
FL HILLSBOROUGH RVR ST PARK,USC00083986,28.1469,-82.2275,16.2m,4,30,null,null,229C
FL HILLSBOROUGH RVR ST PARK,USC00083986,28.1469,-82.2275,16.2m,4,31,null,null,-8888
FL HILLSBOROUGH RVR ST PARK,USC00083986,28.1469,-82.2275,16.2m,5,1,null,null,6S
FL HILLSBOROUGH RVR ST PARK,USC00083986,28.1469,-82.2275,16.2m,5,2,null,null,12S
FL HILLSBOROUGH RVR ST PARK,USC00083986,28.1469,-82.2275,16.2m,5,3,null,null,18S
FL HILLSBOROUGH RVR ST PARK,USC00083986,28.1469,-82.2275,16.2m,5,4,null,null,24S
FL HILLSBOROUGH RVR ST PARK,USC00083986,28.1469,-82.2275,16.2m,5,5,null,null,30S
FL HILLSBOROUGH RVR ST PARK,USC00083986,28.1469,-82.2275,16.2m,5,6,null,null,36S
FL HILLSBOROUGH RVR ST PARK,USC00083986,28.1469,-82.2275,16.2m,5,7,null,null,43S
FL HILLSBOROUGH RVR ST PARK,USC00083986,28.1469,-82.2275,16.2m,5,8,null,null,50S
FL HILLSBOROUGH RVR ST PARK,USC00083986,28.1469,-82.2275,16.2m,5,9,null,null,56S
FL HILLSBOROUGH RVR ST PARK,USC00083986,28.1469,-82.2275,16.2m,5,10,null,null,62S
FL HILLSBOROUGH RVR ST PARK,USC00083986,28.1469,-82.2275,16.2m,5,11,null,null,68S
FL HILLSBOROUGH RVR ST PARK,USC00083986,28.1469,-82.2275,16.2m,5,12,null,null,74S
FL HILLSBOROUGH RVR ST PARK,USC00083986,28.1469,-82.2275,16.2m,5,13,null,null,80S
FL HILLSBOROUGH RVR ST PARK,USC00083986,28.1469,-82.2275,16.2m,5,14,null,null,86S
FL HILLSBOROUGH RVR ST PARK,USC00083986,28.1469,-82.2275,16.2m,5,15,null,null,92S
FL HILLSBOROUGH RVR ST PARK,USC00083986,28.1469,-82.2275,16.2m,5,16,null,null,99S
FL HILLSBOROUGH RVR ST PARK,USC00083986,28.1469,-82.2275,16.2m,5,17,null,null,105S
FL HILLSBOROUGH RVR ST PARK,USC00083986,28.1469,-82.2275,16.2m,5,18,null,null,113S
FL HILLSBOROUGH RVR ST PARK,USC00083986,28.1469,-82.2275,16.2m,5,19,null,null,120S
FL HILLSBOROUGH RVR ST PARK,USC00083986,28.1469,-82.2275,16.2m,5,20,null,null,129S
FL HILLSBOROUGH RVR ST PARK,USC00083986,28.1469,-82.2275,16.2m,5,21,null,null,138S
FL HILLSBOROUGH RVR ST PARK,USC00083986,28.1469,-82.2275,16.2m,5,22,null,null,147S
FL HILLSBOROUGH RVR ST PARK,USC00083986,28.1469,-82.2275,16.2m,5,23,null,null,157S
FL HILLSBOROUGH RVR ST PARK,USC00083986,28.1469,-82.2275,16.2m,5,24,null,null,168S
FL HILLSBOROUGH RVR ST PARK,USC00083986,28.1469,-82.2275,16.2m,5,25,null,null,180S
FL HILLSBOROUGH RVR ST PARK,USC00083986,28.1469,-82.2275,16.2m,5,26,null,null,191S
FL HILLSBOROUGH RVR ST PARK,USC00083986,28.1469,-82.2275,16.2m,5,27,null,null,203S
FL HILLSBOROUGH RVR ST PARK,USC00083986,28.1469,-82.2275,16.2m,5,28,null,null,215S
FL HILLSBOROUGH RVR ST PARK,USC00083986,28.1469,-82.2275,16.2m,5,29,null,null,227S
FL HILLSBOROUGH RVR ST PARK,USC00083986,28.1469,-82.2275,16.2m,5,30,null,null,239S
FL HILLSBOROUGH RVR ST PARK,USC00083986,28.1469,-82.2275,16.2m,5,31,null,null,252S
FL HILLSBOROUGH RVR ST PARK,USC00083986,28.1469,-82.2275,16.2m,6,1,null,null,16R
FL HILLSBOROUGH RVR ST PARK,USC00083986,28.1469,-82.2275,16.2m,6,2,null,null,34R
FL HILLSBOROUGH RVR ST PARK,USC00083986,28.1469,-82.2275,16.2m,6,3,null,null,52R
FL HILLSBOROUGH RVR ST PARK,USC00083986,28.1469,-82.2275,16.2m,6,4,null,null,71R
FL HILLSBOROUGH RVR ST PARK,USC00083986,28.1469,-82.2275,16.2m,6,5,null,null,91R
FL HILLSBOROUGH RVR ST PARK,USC00083986,28.1469,-82.2275,16.2m,6,6,null,null,111R
FL HILLSBOROUGH RVR ST PARK,USC00083986,28.1469,-82.2275,16.2m,6,7,null,null,132R
FL HILLSBOROUGH RVR ST PARK,USC00083986,28.1469,-82.2275,16.2m,6,8,null,null,155R
FL HILLSBOROUGH RVR ST PARK,USC00083986,28.1469,-82.2275,16.2m,6,9,null,null,178R
FL HILLSBOROUGH RVR ST PARK,USC00083986,28.1469,-82.2275,16.2m,6,10,null,null,202R
FL HILLSBOROUGH RVR ST PARK,USC00083986,28.1469,-82.2275,16.2m,6,11,null,null,228R
FL HILLSBOROUGH RVR ST PARK,USC00083986,28.1469,-82.2275,16.2m,6,12,null,null,255R
FL HILLSBOROUGH RVR ST PARK,USC00083986,28.1469,-82.2275,16.2m,6,13,null,null,282R
FL HILLSBOROUGH RVR ST PARK,USC00083986,28.1469,-82.2275,16.2m,6,14,null,null,310R
FL HILLSBOROUGH RVR ST PARK,USC00083986,28.1469,-82.2275,16.2m,6,15,null,null,339R
FL HILLSBOROUGH RVR ST PARK,USC00083986,28.1469,-82.2275,16.2m,6,16,null,null,368R
FL HILLSBOROUGH RVR ST PARK,USC00083986,28.1469,-82.2275,16.2m,6,17,null,null,398R
FL HILLSBOROUGH RVR ST PARK,USC00083986,28.1469,-82.2275,16.2m,6,18,null,null,428R
FL HILLSBOROUGH RVR ST PARK,USC00083986,28.1469,-82.2275,16.2m,6,19,null,null,458R
FL HILLSBOROUGH RVR ST PARK,USC00083986,28.1469,-82.2275,16.2m,6,20,null,null,488R
FL HILLSBOROUGH RVR ST PARK,USC00083986,28.1469,-82.2275,16.2m,6,21,null,null,518R
FL HILLSBOROUGH RVR ST PARK,USC00083986,28.1469,-82.2275,16.2m,6,22,null,null,548R
FL HILLSBOROUGH RVR ST PARK,USC00083986,28.1469,-82.2275,16.2m,6,23,null,null,579R
FL HILLSBOROUGH RVR ST PARK,USC00083986,28.1469,-82.2275,16.2m,6,24,null,null,609R
FL HILLSBOROUGH RVR ST PARK,USC00083986,28.1469,-82.2275,16.2m,6,25,null,null,640R
FL HILLSBOROUGH RVR ST PARK,USC00083986,28.1469,-82.2275,16.2m,6,26,null,null,672R
FL HILLSBOROUGH RVR ST PARK,USC00083986,28.1469,-82.2275,16.2m,6,27,null,null,703R
FL HILLSBOROUGH RVR ST PARK,USC00083986,28.1469,-82.2275,16.2m,6,28,null,null,735R
FL HILLSBOROUGH RVR ST PARK,USC00083986,28.1469,-82.2275,16.2m,6,29,null,null,768R
FL HILLSBOROUGH RVR ST PARK,USC00083986,28.1469,-82.2275,16.2m,6,30,null,null,801R
FL HILLSBOROUGH RVR ST PARK,USC00083986,28.1469,-82.2275,16.2m,6,31,null,null,-8888
FL HILLSBOROUGH RVR ST PARK,USC00083986,28.1469,-82.2275,16.2m,7,1,null,null,27S
FL HILLSBOROUGH RVR ST PARK,USC00083986,28.1469,-82.2275,16.2m,7,2,null,null,54S
FL HILLSBOROUGH RVR ST PARK,USC00083986,28.1469,-82.2275,16.2m,7,3,null,null,81S
FL HILLSBOROUGH RVR ST PARK,USC00083986,28.1469,-82.2275,16.2m,7,4,null,null,108S
FL HILLSBOROUGH RVR ST PARK,USC00083986,28.1469,-82.2275,16.2m,7,5,null,null,135S
FL HILLSBOROUGH RVR ST PARK,USC00083986,28.1469,-82.2275,16.2m,7,6,null,null,161S
FL HILLSBOROUGH RVR ST PARK,USC00083986,28.1469,-82.2275,16.2m,7,7,null,null,188S
FL HILLSBOROUGH RVR ST PARK,USC00083986,28.1469,-82.2275,16.2m,7,8,null,null,213S
FL HILLSBOROUGH RVR ST PARK,USC00083986,28.1469,-82.2275,16.2m,7,9,null,null,239S
FL HILLSBOROUGH RVR ST PARK,USC00083986,28.1469,-82.2275,16.2m,7,10,null,null,263S
FL HILLSBOROUGH RVR ST PARK,USC00083986,28.1469,-82.2275,16.2m,7,11,null,null,287S
FL HILLSBOROUGH RVR ST PARK,USC00083986,28.1469,-82.2275,16.2m,7,12,null,null,311S
FL HILLSBOROUGH RVR ST PARK,USC00083986,28.1469,-82.2275,16.2m,7,13,null,null,334S
FL HILLSBOROUGH RVR ST PARK,USC00083986,28.1469,-82.2275,16.2m,7,14,null,null,356S
FL HILLSBOROUGH RVR ST PARK,USC00083986,28.1469,-82.2275,16.2m,7,15,null,null,378S
FL HILLSBOROUGH RVR ST PARK,USC00083986,28.1469,-82.2275,16.2m,7,16,null,null,399S
FL HILLSBOROUGH RVR ST PARK,USC00083986,28.1469,-82.2275,16.2m,7,17,null,null,421S
FL HILLSBOROUGH RVR ST PARK,USC00083986,28.1469,-82.2275,16.2m,7,18,null,null,443S
FL HILLSBOROUGH RVR ST PARK,USC00083986,28.1469,-82.2275,16.2m,7,19,null,null,467S
FL HILLSBOROUGH RVR ST PARK,USC00083986,28.1469,-82.2275,16.2m,7,20,null,null,490S
FL HILLSBOROUGH RVR ST PARK,USC00083986,28.1469,-82.2275,16.2m,7,21,null,null,513S
FL HILLSBOROUGH RVR ST PARK,USC00083986,28.1469,-82.2275,16.2m,7,22,null,null,536S
FL HILLSBOROUGH RVR ST PARK,USC00083986,28.1469,-82.2275,16.2m,7,23,null,null,559S
FL HILLSBOROUGH RVR ST PARK,USC00083986,28.1469,-82.2275,16.2m,7,24,null,null,582S
FL HILLSBOROUGH RVR ST PARK,USC00083986,28.1469,-82.2275,16.2m,7,25,null,null,605S
FL HILLSBOROUGH RVR ST PARK,USC00083986,28.1469,-82.2275,16.2m,7,26,null,null,629S
FL HILLSBOROUGH RVR ST PARK,USC00083986,28.1469,-82.2275,16.2m,7,27,null,null,652S
FL HILLSBOROUGH RVR ST PARK,USC00083986,28.1469,-82.2275,16.2m,7,28,null,null,676S
FL HILLSBOROUGH RVR ST PARK,USC00083986,28.1469,-82.2275,16.2m,7,29,null,null,699S
FL HILLSBOROUGH RVR ST PARK,USC00083986,28.1469,-82.2275,16.2m,7,30,null,null,722S
FL HILLSBOROUGH RVR ST PARK,USC00083986,28.1469,-82.2275,16.2m,7,31,null,null,746S
FL HILLSBOROUGH RVR ST PARK,USC00083986,28.1469,-82.2275,16.2m,8,1,null,null,27S
FL HILLSBOROUGH RVR ST PARK,USC00083986,28.1469,-82.2275,16.2m,8,2,null,null,54S
FL HILLSBOROUGH RVR ST PARK,USC00083986,28.1469,-82.2275,16.2m,8,3,null,null,81S
FL HILLSBOROUGH RVR ST PARK,USC00083986,28.1469,-82.2275,16.2m,8,4,null,null,107S
FL HILLSBOROUGH RVR ST PARK,USC00083986,28.1469,-82.2275,16.2m,8,5,null,null,134S
FL HILLSBOROUGH RVR ST PARK,USC00083986,28.1469,-82.2275,16.2m,8,6,null,null,160S
FL HILLSBOROUGH RVR ST PARK,USC00083986,28.1469,-82.2275,16.2m,8,7,null,null,186S
FL HILLSBOROUGH RVR ST PARK,USC00083986,28.1469,-82.2275,16.2m,8,8,null,null,212S
FL HILLSBOROUGH RVR ST PARK,USC00083986,28.1469,-82.2275,16.2m,8,9,null,null,238S
FL HILLSBOROUGH RVR ST PARK,USC00083986,28.1469,-82.2275,16.2m,8,10,null,null,264S
FL HILLSBOROUGH RVR ST PARK,USC00083986,28.1469,-82.2275,16.2m,8,11,null,null,291S
FL HILLSBOROUGH RVR ST PARK,USC00083986,28.1469,-82.2275,16.2m,8,12,null,null,317S
FL HILLSBOROUGH RVR ST PARK,USC00083986,28.1469,-82.2275,16.2m,8,13,null,null,344S
FL HILLSBOROUGH RVR ST PARK,USC00083986,28.1469,-82.2275,16.2m,8,14,null,null,371S
FL HILLSBOROUGH RVR ST PARK,USC00083986,28.1469,-82.2275,16.2m,8,15,null,null,397S
FL HILLSBOROUGH RVR ST PARK,USC00083986,28.1469,-82.2275,16.2m,8,16,null,null,423S
FL HILLSBOROUGH RVR ST PARK,USC00083986,28.1469,-82.2275,16.2m,8,17,null,null,448S
FL HILLSBOROUGH RVR ST PARK,USC00083986,28.1469,-82.2275,16.2m,8,18,null,null,473S
FL HILLSBOROUGH RVR ST PARK,USC00083986,28.1469,-82.2275,16.2m,8,19,null,null,498S
FL HILLSBOROUGH RVR ST PARK,USC00083986,28.1469,-82.2275,16.2m,8,20,null,null,523S
FL HILLSBOROUGH RVR ST PARK,USC00083986,28.1469,-82.2275,16.2m,8,21,null,null,548S
FL HILLSBOROUGH RVR ST PARK,USC00083986,28.1469,-82.2275,16.2m,8,22,null,null,572S
FL HILLSBOROUGH RVR ST PARK,USC00083986,28.1469,-82.2275,16.2m,8,23,null,null,598S
FL HILLSBOROUGH RVR ST PARK,USC00083986,28.1469,-82.2275,16.2m,8,24,null,null,623S
FL HILLSBOROUGH RVR ST PARK,USC00083986,28.1469,-82.2275,16.2m,8,25,null,null,648S
FL HILLSBOROUGH RVR ST PARK,USC00083986,28.1469,-82.2275,16.2m,8,26,null,null,672S
FL HILLSBOROUGH RVR ST PARK,USC00083986,28.1469,-82.2275,16.2m,8,27,null,null,697S
FL HILLSBOROUGH RVR ST PARK,USC00083986,28.1469,-82.2275,16.2m,8,28,null,null,721S
FL HILLSBOROUGH RVR ST PARK,USC00083986,28.1469,-82.2275,16.2m,8,29,null,null,745S
FL HILLSBOROUGH RVR ST PARK,USC00083986,28.1469,-82.2275,16.2m,8,30,null,null,769S
FL HILLSBOROUGH RVR ST PARK,USC00083986,28.1469,-82.2275,16.2m,8,31,null,null,793S
FL HILLSBOROUGH RVR ST PARK,USC00083986,28.1469,-82.2275,16.2m,9,1,null,null,25S
FL HILLSBOROUGH RVR ST PARK,USC00083986,28.1469,-82.2275,16.2m,9,2,null,null,50S
FL HILLSBOROUGH RVR ST PARK,USC00083986,28.1469,-82.2275,16.2m,9,3,null,null,75S
FL HILLSBOROUGH RVR ST PARK,USC00083986,28.1469,-82.2275,16.2m,9,4,null,null,100S
FL HILLSBOROUGH RVR ST PARK,USC00083986,28.1469,-82.2275,16.2m,9,5,null,null,125S
FL HILLSBOROUGH RVR ST PARK,USC00083986,28.1469,-82.2275,16.2m,9,6,null,null,150S
FL HILLSBOROUGH RVR ST PARK,USC00083986,28.1469,-82.2275,16.2m,9,7,null,null,176S
FL HILLSBOROUGH RVR ST PARK,USC00083986,28.1469,-82.2275,16.2m,9,8,null,null,201S
FL HILLSBOROUGH RVR ST PARK,USC00083986,28.1469,-82.2275,16.2m,9,9,null,null,227S
FL HILLSBOROUGH RVR ST PARK,USC00083986,28.1469,-82.2275,16.2m,9,10,null,null,252S
FL HILLSBOROUGH RVR ST PARK,USC00083986,28.1469,-82.2275,16.2m,9,11,null,null,277S
FL HILLSBOROUGH RVR ST PARK,USC00083986,28.1469,-82.2275,16.2m,9,12,null,null,303S
FL HILLSBOROUGH RVR ST PARK,USC00083986,28.1469,-82.2275,16.2m,9,13,null,null,329S
FL HILLSBOROUGH RVR ST PARK,USC00083986,28.1469,-82.2275,16.2m,9,14,null,null,355S
FL HILLSBOROUGH RVR ST PARK,USC00083986,28.1469,-82.2275,16.2m,9,15,null,null,381S
FL HILLSBOROUGH RVR ST PARK,USC00083986,28.1469,-82.2275,16.2m,9,16,null,null,407S
FL HILLSBOROUGH RVR ST PARK,USC00083986,28.1469,-82.2275,16.2m,9,17,null,null,431S
FL HILLSBOROUGH RVR ST PARK,USC00083986,28.1469,-82.2275,16.2m,9,18,null,null,455S
FL HILLSBOROUGH RVR ST PARK,USC00083986,28.1469,-82.2275,16.2m,9,19,null,null,478S
FL HILLSBOROUGH RVR ST PARK,USC00083986,28.1469,-82.2275,16.2m,9,20,null,null,501S
FL HILLSBOROUGH RVR ST PARK,USC00083986,28.1469,-82.2275,16.2m,9,21,null,null,522S
FL HILLSBOROUGH RVR ST PARK,USC00083986,28.1469,-82.2275,16.2m,9,22,null,null,544S
FL HILLSBOROUGH RVR ST PARK,USC00083986,28.1469,-82.2275,16.2m,9,23,null,null,565S
FL HILLSBOROUGH RVR ST PARK,USC00083986,28.1469,-82.2275,16.2m,9,24,null,null,586S
FL HILLSBOROUGH RVR ST PARK,USC00083986,28.1469,-82.2275,16.2m,9,25,null,null,606S
FL HILLSBOROUGH RVR ST PARK,USC00083986,28.1469,-82.2275,16.2m,9,26,null,null,626S
FL HILLSBOROUGH RVR ST PARK,USC00083986,28.1469,-82.2275,16.2m,9,27,null,null,645S
FL HILLSBOROUGH RVR ST PARK,USC00083986,28.1469,-82.2275,16.2m,9,28,null,null,665S
FL HILLSBOROUGH RVR ST PARK,USC00083986,28.1469,-82.2275,16.2m,9,29,null,null,683S
FL HILLSBOROUGH RVR ST PARK,USC00083986,28.1469,-82.2275,16.2m,9,30,null,null,701S
FL HILLSBOROUGH RVR ST PARK,USC00083986,28.1469,-82.2275,16.2m,9,31,null,null,-8888
FL HILLSBOROUGH RVR ST PARK,USC00083986,28.1469,-82.2275,16.2m,10,1,null,null,14C
FL HILLSBOROUGH RVR ST PARK,USC00083986,28.1469,-82.2275,16.2m,10,2,null,null,27C
FL HILLSBOROUGH RVR ST PARK,USC00083986,28.1469,-82.2275,16.2m,10,3,null,null,41C
FL HILLSBOROUGH RVR ST PARK,USC00083986,28.1469,-82.2275,16.2m,10,4,null,null,54C
FL HILLSBOROUGH RVR ST PARK,USC00083986,28.1469,-82.2275,16.2m,10,5,null,null,65C
FL HILLSBOROUGH RVR ST PARK,USC00083986,28.1469,-82.2275,16.2m,10,6,null,null,76C
FL HILLSBOROUGH RVR ST PARK,USC00083986,28.1469,-82.2275,16.2m,10,7,null,null,87C
FL HILLSBOROUGH RVR ST PARK,USC00083986,28.1469,-82.2275,16.2m,10,8,null,null,97C
FL HILLSBOROUGH RVR ST PARK,USC00083986,28.1469,-82.2275,16.2m,10,9,null,null,108C
FL HILLSBOROUGH RVR ST PARK,USC00083986,28.1469,-82.2275,16.2m,10,10,null,null,118C
FL HILLSBOROUGH RVR ST PARK,USC00083986,28.1469,-82.2275,16.2m,10,11,null,null,126C
FL HILLSBOROUGH RVR ST PARK,USC00083986,28.1469,-82.2275,16.2m,10,12,null,null,134C
FL HILLSBOROUGH RVR ST PARK,USC00083986,28.1469,-82.2275,16.2m,10,13,null,null,142C
FL HILLSBOROUGH RVR ST PARK,USC00083986,28.1469,-82.2275,16.2m,10,14,null,null,149C
FL HILLSBOROUGH RVR ST PARK,USC00083986,28.1469,-82.2275,16.2m,10,15,null,null,156C
FL HILLSBOROUGH RVR ST PARK,USC00083986,28.1469,-82.2275,16.2m,10,16,null,null,163C
FL HILLSBOROUGH RVR ST PARK,USC00083986,28.1469,-82.2275,16.2m,10,17,null,null,171C
FL HILLSBOROUGH RVR ST PARK,USC00083986,28.1469,-82.2275,16.2m,10,18,null,null,178C
FL HILLSBOROUGH RVR ST PARK,USC00083986,28.1469,-82.2275,16.2m,10,19,null,null,186C
FL HILLSBOROUGH RVR ST PARK,USC00083986,28.1469,-82.2275,16.2m,10,20,null,null,194C
FL HILLSBOROUGH RVR ST PARK,USC00083986,28.1469,-82.2275,16.2m,10,21,null,null,201C
FL HILLSBOROUGH RVR ST PARK,USC00083986,28.1469,-82.2275,16.2m,10,22,null,null,208C
FL HILLSBOROUGH RVR ST PARK,USC00083986,28.1469,-82.2275,16.2m,10,23,null,null,215C
FL HILLSBOROUGH RVR ST PARK,USC00083986,28.1469,-82.2275,16.2m,10,24,null,null,222C
FL HILLSBOROUGH RVR ST PARK,USC00083986,28.1469,-82.2275,16.2m,10,25,null,null,228C
FL HILLSBOROUGH RVR ST PARK,USC00083986,28.1469,-82.2275,16.2m,10,26,null,null,235C
FL HILLSBOROUGH RVR ST PARK,USC00083986,28.1469,-82.2275,16.2m,10,27,null,null,241C
FL HILLSBOROUGH RVR ST PARK,USC00083986,28.1469,-82.2275,16.2m,10,28,null,null,248C
FL HILLSBOROUGH RVR ST PARK,USC00083986,28.1469,-82.2275,16.2m,10,29,null,null,254C
FL HILLSBOROUGH RVR ST PARK,USC00083986,28.1469,-82.2275,16.2m,10,30,null,null,260C
FL HILLSBOROUGH RVR ST PARK,USC00083986,28.1469,-82.2275,16.2m,10,31,null,null,266C
FL HILLSBOROUGH RVR ST PARK,USC00083986,28.1469,-82.2275,16.2m,11,1,null,null,7S
FL HILLSBOROUGH RVR ST PARK,USC00083986,28.1469,-82.2275,16.2m,11,2,null,null,15S
FL HILLSBOROUGH RVR ST PARK,USC00083986,28.1469,-82.2275,16.2m,11,3,null,null,23S
FL HILLSBOROUGH RVR ST PARK,USC00083986,28.1469,-82.2275,16.2m,11,4,null,null,31S
FL HILLSBOROUGH RVR ST PARK,USC00083986,28.1469,-82.2275,16.2m,11,5,null,null,39S
FL HILLSBOROUGH RVR ST PARK,USC00083986,28.1469,-82.2275,16.2m,11,6,null,null,47S
FL HILLSBOROUGH RVR ST PARK,USC00083986,28.1469,-82.2275,16.2m,11,7,null,null,55S
FL HILLSBOROUGH RVR ST PARK,USC00083986,28.1469,-82.2275,16.2m,11,8,null,null,62S
FL HILLSBOROUGH RVR ST PARK,USC00083986,28.1469,-82.2275,16.2m,11,9,null,null,70S
FL HILLSBOROUGH RVR ST PARK,USC00083986,28.1469,-82.2275,16.2m,11,10,null,null,79S
FL HILLSBOROUGH RVR ST PARK,USC00083986,28.1469,-82.2275,16.2m,11,11,null,null,87S
FL HILLSBOROUGH RVR ST PARK,USC00083986,28.1469,-82.2275,16.2m,11,12,null,null,95S
FL HILLSBOROUGH RVR ST PARK,USC00083986,28.1469,-82.2275,16.2m,11,13,null,null,104S
FL HILLSBOROUGH RVR ST PARK,USC00083986,28.1469,-82.2275,16.2m,11,14,null,null,112S
FL HILLSBOROUGH RVR ST PARK,USC00083986,28.1469,-82.2275,16.2m,11,15,null,null,120S
FL HILLSBOROUGH RVR ST PARK,USC00083986,28.1469,-82.2275,16.2m,11,16,null,null,127S
FL HILLSBOROUGH RVR ST PARK,USC00083986,28.1469,-82.2275,16.2m,11,17,null,null,134S
FL HILLSBOROUGH RVR ST PARK,USC00083986,28.1469,-82.2275,16.2m,11,18,null,null,141S
FL HILLSBOROUGH RVR ST PARK,USC00083986,28.1469,-82.2275,16.2m,11,19,null,null,148S
FL HILLSBOROUGH RVR ST PARK,USC00083986,28.1469,-82.2275,16.2m,11,20,null,null,154S
FL HILLSBOROUGH RVR ST PARK,USC00083986,28.1469,-82.2275,16.2m,11,21,null,null,161S
FL HILLSBOROUGH RVR ST PARK,USC00083986,28.1469,-82.2275,16.2m,11,22,null,null,167S
FL HILLSBOROUGH RVR ST PARK,USC00083986,28.1469,-82.2275,16.2m,11,23,null,null,173S
FL HILLSBOROUGH RVR ST PARK,USC00083986,28.1469,-82.2275,16.2m,11,24,null,null,180S
FL HILLSBOROUGH RVR ST PARK,USC00083986,28.1469,-82.2275,16.2m,11,25,null,null,187S
FL HILLSBOROUGH RVR ST PARK,USC00083986,28.1469,-82.2275,16.2m,11,26,null,null,195S
FL HILLSBOROUGH RVR ST PARK,USC00083986,28.1469,-82.2275,16.2m,11,27,null,null,203S
FL HILLSBOROUGH RVR ST PARK,USC00083986,28.1469,-82.2275,16.2m,11,28,null,null,211S
FL HILLSBOROUGH RVR ST PARK,USC00083986,28.1469,-82.2275,16.2m,11,29,null,null,220S
FL HILLSBOROUGH RVR ST PARK,USC00083986,28.1469,-82.2275,16.2m,11,30,null,null,229S
FL HILLSBOROUGH RVR ST PARK,USC00083986,28.1469,-82.2275,16.2m,11,31,null,null,-8888
FL HILLSBOROUGH RVR ST PARK,USC00083986,28.1469,-82.2275,16.2m,12,1,null,null,9S
FL HILLSBOROUGH RVR ST PARK,USC00083986,28.1469,-82.2275,16.2m,12,2,null,null,18S
FL HILLSBOROUGH RVR ST PARK,USC00083986,28.1469,-82.2275,16.2m,12,3,null,null,27S
FL HILLSBOROUGH RVR ST PARK,USC00083986,28.1469,-82.2275,16.2m,12,4,null,null,36S
FL HILLSBOROUGH RVR ST PARK,USC00083986,28.1469,-82.2275,16.2m,12,5,null,null,45S
FL HILLSBOROUGH RVR ST PARK,USC00083986,28.1469,-82.2275,16.2m,12,6,null,null,54S
FL HILLSBOROUGH RVR ST PARK,USC00083986,28.1469,-82.2275,16.2m,12,7,null,null,63S
FL HILLSBOROUGH RVR ST PARK,USC00083986,28.1469,-82.2275,16.2m,12,8,null,null,72S
FL HILLSBOROUGH RVR ST PARK,USC00083986,28.1469,-82.2275,16.2m,12,9,null,null,80S
FL HILLSBOROUGH RVR ST PARK,USC00083986,28.1469,-82.2275,16.2m,12,10,null,null,88S
FL HILLSBOROUGH RVR ST PARK,USC00083986,28.1469,-82.2275,16.2m,12,11,null,null,97S
FL HILLSBOROUGH RVR ST PARK,USC00083986,28.1469,-82.2275,16.2m,12,12,null,null,107S
FL HILLSBOROUGH RVR ST PARK,USC00083986,28.1469,-82.2275,16.2m,12,13,null,null,116S
FL HILLSBOROUGH RVR ST PARK,USC00083986,28.1469,-82.2275,16.2m,12,14,null,null,125S
FL HILLSBOROUGH RVR ST PARK,USC00083986,28.1469,-82.2275,16.2m,12,15,null,null,134S
FL HILLSBOROUGH RVR ST PARK,USC00083986,28.1469,-82.2275,16.2m,12,16,null,null,143S
FL HILLSBOROUGH RVR ST PARK,USC00083986,28.1469,-82.2275,16.2m,12,17,null,null,153S
FL HILLSBOROUGH RVR ST PARK,USC00083986,28.1469,-82.2275,16.2m,12,18,null,null,162S
FL HILLSBOROUGH RVR ST PARK,USC00083986,28.1469,-82.2275,16.2m,12,19,null,null,173S
FL HILLSBOROUGH RVR ST PARK,USC00083986,28.1469,-82.2275,16.2m,12,20,null,null,183S
FL HILLSBOROUGH RVR ST PARK,USC00083986,28.1469,-82.2275,16.2m,12,21,null,null,194S
FL HILLSBOROUGH RVR ST PARK,USC00083986,28.1469,-82.2275,16.2m,12,22,null,null,205S
FL HILLSBOROUGH RVR ST PARK,USC00083986,28.1469,-82.2275,16.2m,12,23,null,null,215S
FL HILLSBOROUGH RVR ST PARK,USC00083986,28.1469,-82.2275,16.2m,12,24,null,null,225S
FL HILLSBOROUGH RVR ST PARK,USC00083986,28.1469,-82.2275,16.2m,12,25,null,null,234S
FL HILLSBOROUGH RVR ST PARK,USC00083986,28.1469,-82.2275,16.2m,12,26,null,null,244S
FL HILLSBOROUGH RVR ST PARK,USC00083986,28.1469,-82.2275,16.2m,12,27,null,null,253S
FL HILLSBOROUGH RVR ST PARK,USC00083986,28.1469,-82.2275,16.2m,12,28,null,null,263S
FL HILLSBOROUGH RVR ST PARK,USC00083986,28.1469,-82.2275,16.2m,12,29,null,null,272S
FL HILLSBOROUGH RVR ST PARK,USC00083986,28.1469,-82.2275,16.2m,12,30,null,null,281S
FL HILLSBOROUGH RVR ST PARK,USC00083986,28.1469,-82.2275,16.2m,12,31,null,null,291S
